control_input	control_input.1	control_IP	control_IP.1	treatment_input	treatment_input.1	treatment_IP	treatment_IP.1
peak1	326	212	475	232	134	131	169	233
peak2	109	78	225	140	53	43	100	124
peak3	1152	737	1623	659	487	507	476	545
peak4	586	487	1325	674	277	271	424	527
peak5	1134	796	887	434	417	441	354	464
peak6	168	121	439	210	60	55	127	163
peak7	447	331	459	262	188	197	207	263
peak8	1729	1177	1767	1132	607	590	678	794
peak9	198	179	494	149	86	96	92	137
peak10	674	546	1054	515	260	267	297	359
peak11	372	251	562	227	138	132	135	162
peak12	118	83	196	100	68	59	94	143
peak13	286	167	310	127	89	71	83	93
peak14	742	544	1251	594	224	244	342	373
peak15	585	401	837	452	168	161	187	237
peak16	236	198	351	193	84	79	127	194
peak17	283	190	338	179	98	81	121	128
peak18	209	158	320	145	50	69	46	75
peak19	266	173	608	200	159	159	186	199
peak20	152	105	187	177	76	90	153	198
peak21	290	185	406	235	137	158	156	176
peak22	35390	26557	30389	23875	11339	10748	15551	16934
peak23	26374	17267	16228	7793	6958	6944	5845	5831
peak24	25789	18029	21351	14518	7659	7951	8711	10392
peak25	300	241	486	370	195	193	276	380
peak26	190	135	231	117	58	75	64	72
peak27	129	77	232	113	46	36	73	82
peak28	543	376	486	294	251	237	287	345
peak29	460	284	568	271	135	162	150	213
peak30	429	341	711	672	203	215	374	486
peak31	2794	1971	3325	1853	1073	1064	1264	1542
peak32	971	751	1157	871	325	397	520	666
peak33	285	248	485	238	189	170	217	277
peak34	273	196	399	248	152	190	205	198
peak35	456	325	606	399	196	187	258	362
peak36	106	83	151	61	18	9	11	13
peak37	1373	983	1899	1280	456	442	654	753
peak38	130	145	321	334	76	70	162	266
peak39	165	108	268	100	80	87	70	90
peak40	1242	844	2244	1635	331	340	679	872
peak41	15721	8994	37342	16868	6987	6015	11212	12814
peak42	332	216	440	245	96	88	107	171
peak43	841	547	1114	847	288	255	341	373
peak44	8562	5000	5381	5327	2279	2165	2074	2435
peak45	2839	1678	3063	1739	869	889	1019	1092
peak46	661	636	892	1092	331	329	552	607
peak47	52	62	137	143	40	38	106	183
peak48	1251	816	2390	1081	644	683	648	834
peak49	746	471	1167	814	237	236	350	463
peak50	463	298	795	309	331	289	262	343
peak51	674	478	1104	630	222	239	278	355
peak52	6937	4692	6151	4570	2384	2334	2389	2961
peak53	2630	1691	1947	1460	784	736	694	882
peak54	193	149	227	128	98	102	96	94
peak55	184	207	332	394	89	106	254	347
peak56	501	346	640	312	219	213	201	255
peak57	719	471	663	417	262	261	293	326
peak58	806	525	1128	509	296	296	494	579
peak59	3175	1867	2690	1629	1069	912	791	961
peak60	923	556	1368	705	258	258	370	444
peak61	217	219	400	350	108	111	223	299
peak62	759	755	1327	1111	293	334	700	814
peak63	179	99	203	212	44	46	100	135
peak64	658	520	1254	804	238	233	415	575
peak65	2556	1591	2858	1941	862	865	1232	1404
peak66	227	154	235	171	178	204	190	237
peak67	2856	1884	2782	1821	812	748	883	963
peak68	969	570	1092	478	325	323	310	370
peak69	204	152	329	168	65	77	83	90
peak70	147	115	281	137	63	87	75	135
peak71	130	61	185	79	56	58	55	72
peak72	525	432	1091	429	286	292	220	280
peak73	2186	1644	3341	2473	777	723	1415	1614
peak74	5869	3784	3910	3052	2161	1947	1463	1799
peak75	648	550	1043	363	291	374	419	497
peak76	102	95	171	84	42	45	56	64
peak77	255	207	486	165	90	94	89	122
peak78	575	407	646	373	156	152	213	247
peak79	908	589	545	299	469	406	340	385
peak80	728	432	491	315	208	189	227	224
peak81	572	418	615	448	208	220	255	291
peak82	912	626	1360	760	267	275	293	335
peak83	469	357	574	376	170	173	256	324
peak84	97	93	135	130	58	68	127	167
peak85	366	263	255	219	115	115	110	164
peak86	195	189	232	219	91	88	124	163
peak87	429	267	502	247	166	163	147	180
peak88	2925	1887	2973	1647	863	767	790	903
peak89	233	152	418	351	101	104	212	293
peak90	298	230	514	258	163	143	162	235
peak91	427	312	445	218	172	174	194	237
peak92	2978	1963	3813	1764	507	547	679	781
peak93	1122	717	1326	611	461	497	529	608
peak94	1462	863	1512	634	769	737	679	861
peak95	1079	708	513	525	370	361	305	371
peak96	1994	1301	1900	983	696	638	578	742
peak97	450	325	572	282	173	183	211	217
peak98	620	443	1118	486	244	243	278	345
peak99	705	554	736	520	251	251	308	307
peak100	652	389	1004	480	197	157	218	249
peak101	2773	1769	1536	1727	830	769	860	1076
peak102	737	499	1535	597	427	398	425	475
peak103	1478	1003	1185	1154	535	522	648	801
peak104	1357	900	1946	1097	543	489	525	758
peak105	974	651	1617	702	406	427	401	468
peak106	659	443	671	418	283	345	287	365
peak107	404	321	402	288	135	165	199	186
peak108	249	145	205	220	93	75	155	186
peak109	373	267	385	315	152	158	238	277
peak110	916	592	1267	470	305	302	301	313
peak111	338	237	495	232	102	100	113	148
peak112	205	161	246	161	74	72	111	113
peak113	760	503	823	455	267	335	326	394
peak114	2292	1559	1989	1072	981	885	946	1113
peak115	352	216	346	228	149	175	116	168
peak116	834	561	1141	468	349	352	444	478
peak117	2093	1774	2466	2137	764	943	1364	1704
peak118	5087	3421	4714	2024	1544	1662	1559	1742
peak119	3262	2181	2454	1395	969	1113	893	1088
peak120	134	96	195	229	55	66	176	254
peak121	219	181	403	196	164	148	154	207
peak122	6409	4222	7765	5752	1580	1595	2109	2633
peak123	3073	2202	1885	1220	910	989	900	1064
peak124	2484	1449	2559	1868	974	866	1269	1398
peak125	1733	1254	1218	1307	579	563	576	905
peak126	1479	1012	1487	584	713	821	618	825
peak127	4439	3052	3433	2298	683	680	685	851
peak128	1261	857	963	453	190	189	166	147
peak129	1018	674	1647	1086	350	370	414	555
peak130	927	593	1888	792	344	356	529	587
peak131	1405	1078	832	847	623	691	632	814
peak132	2613	1992	2726	1818	1355	1420	1774	2243
peak133	822	531	968	613	368	319	323	457
peak134	1638	982	1534	692	503	438	393	483
peak135	387	231	735	337	143	111	164	211
peak136	167	167	485	378	86	84	282	365
peak137	3304	2271	3425	2605	1979	2178	2051	3092
peak138	3366	2451	2311	2134	1164	1173	963	1098
peak139	103	69	133	67	27	23	34	41
peak140	162	108	337	217	74	63	92	107
peak141	847	564	821	555	189	235	289	322
peak142	1328	880	1221	590	282	273	304	372
peak143	2656	2012	2432	1403	800	734	740	877
peak144	3290	2127	2944	1381	965	1027	950	1013
peak145	178	148	230	104	88	102	84	147
peak146	168	114	173	64	83	89	97	120
peak147	2422	1745	2239	1270	683	784	909	994
peak148	364	281	182	211	260	293	229	324
peak149	781	502	879	380	280	298	294	356
peak150	1663	1110	3177	1121	949	900	1004	1163
peak151	391	327	497	215	196	238	272	366
peak152	594	368	1302	1092	158	143	312	404
peak153	4611	3906	9208	6254	1510	1690	3020	3982
peak154	305	230	410	201	151	162	174	208
peak155	949	584	1289	668	493	526	671	746
peak156	3021	2078	2621	1864	1829	1675	1734	2104
peak157	10047	6338	6246	4201	3355	3569	2730	3238
peak158	6451	4057	5362	3008	2551	2392	2060	2232
peak159	132	80	179	106	158	143	165	221
peak160	2485	1740	1976	1513	867	885	780	920
peak161	876	609	1103	451	546	517	551	640
peak162	207	173	272	143	146	145	180	239
peak163	234	183	301	203	78	93	100	129
peak164	173	150	296	211	61	61	84	134
peak165	187	144	181	121	61	79	77	89
peak166	43669	35889	50295	31152	21437	24439	29169	36113
peak167	22402	14349	16839	9016	9638	9999	9065	10634
peak168	27654	20263	16989	10237	11833	12784	8593	10417
peak169	104	84	206	82	39	54	69	78
peak170	184	196	191	135	92	87	95	156
peak171	2818	1675	6362	2628	1071	936	1356	1415
peak172	4598	2984	4691	3430	1319	1342	1606	1947
peak173	139	95	154	70	215	244	190	311
peak174	402	335	734	439	114	124	224	289
peak175	218	158	353	252	106	85	163	236
peak176	637	448	1024	473	311	295	265	310
peak177	515	344	544	349	163	197	286	359
peak178	247	240	663	324	99	146	223	281
peak179	1124	788	2164	913	1059	1048	1214	1481
peak180	1479	1025	1140	869	513	498	490	607
peak181	2002	1376	2918	1949	687	703	909	1175
peak182	874	645	1635	1247	297	268	664	800
peak183	254	206	662	432	97	95	217	271
peak184	3614	2851	3546	1348	804	985	800	971
peak185	6291	4363	5042	3760	1478	1632	2013	2481
peak186	3530	2370	3038	1540	983	953	912	1167
peak187	50	50	79	44	38	37	51	46
peak188	394	269	538	238	168	151	170	195
peak189	611	404	1017	631	198	280	280	396
peak190	437	329	746	383	188	194	221	235
peak191	489	326	811	415	140	169	199	286
peak192	658	451	807	442	232	297	225	238
peak193	4280	2726	3846	2547	1261	1296	1379	1631
peak194	379	215	504	342	87	87	102	142
peak195	668	481	564	568	233	259	370	395
peak196	232	178	228	184	80	116	122	183
peak197	141	111	226	135	49	61	74	121
peak198	222	162	345	217	107	97	115	160
peak199	503	305	620	332	190	171	177	253
peak200	219	151	270	159	108	106	98	118
peak201	1570	1068	2129	1387	577	636	692	883
peak202	896	593	1335	655	360	313	456	494
peak203	189	164	290	119	73	80	106	126
peak204	185	124	485	475	60	75	286	418
peak205	226	192	322	314	92	100	158	250
peak206	1871	1227	2726	1361	712	700	859	1037
peak207	964	638	1168	573	431	422	426	489
peak208	5135	3229	8035	3540	1776	1775	2087	2367
peak209	324	185	395	227	130	126	155	191
peak210	571	379	746	303	191	213	215	286
peak211	225	143	276	123	65	83	92	110
peak212	368	242	420	197	117	105	134	201
peak213	120	75	139	54	51	66	56	56
peak214	592	423	549	389	253	243	243	276
peak215	88	71	161	79	26	25	37	55
peak216	2367	1381	1330	872	499	563	545	582
peak217	3054	1807	2796	1342	850	824	752	915
peak218	4440	2692	2514	2608	1236	1325	1060	1424
peak219	5190	3373	6686	3436	1647	1679	1650	2198
peak220	144	122	149	238	51	47	113	156
peak221	115	82	107	85	74	61	110	130
peak222	450	303	607	349	217	231	280	371
peak223	1535	1085	980	834	590	627	725	819
peak224	81	62	144	33	40	28	7	15
peak225	75	54	175	70	26	34	44	61
peak226	3453	2035	2269	2006	1236	1248	688	772
peak227	3285	2064	2227	1597	874	1041	738	971
peak228	620	406	860	404	287	317	284	339
peak229	860	620	1286	941	369	377	628	692
peak230	265	186	698	274	78	70	123	175
peak231	121	75	236	123	69	65	95	137
peak232	1142	877	973	655	548	539	549	603
peak233	551	386	508	263	234	271	224	292
peak234	486	323	754	257	175	165	166	244
peak235	117	79	166	83	40	54	26	37
peak236	179	162	254	83	66	67	57	88
peak237	454	331	1006	383	172	177	216	222
peak238	5228	3479	8030	4093	2360	2211	3181	4099
peak239	3497	2569	3761	2122	1387	1637	1713	2402
peak240	5182	3421	6984	3866	1970	2158	2806	3725
peak241	197	142	350	252	194	160	247	305
peak242	4673	3548	3795	3114	2106	2183	2427	2745
peak243	18385	13072	15543	10814	7199	7510	7572	9288
peak244	1679	1350	1461	1493	628	631	1023	1349
peak245	4170	3012	3811	3180	1734	1769	2036	2398
peak246	139510	98994	133220	71243	98664	90327	40956	50276
peak247	15821	11102	21235	10997	6747	7475	7672	9363
peak248	75	50	118	57	53	40	51	87
peak249	5910	4775	8163	7310	2353	2281	3042	3579
peak250	506	552	559	1211	194	247	606	850
peak251	120	77	189	94	64	59	66	75
peak252	95	47	202	106	36	33	64	92
peak253	1445	1114	951	548	347	368	348	359
peak254	500	318	468	289	240	267	308	366
peak255	911	682	481	358	340	372	474	476
peak256	196	159	243	134	80	82	98	109
peak257	214	147	356	187	137	146	169	202
peak258	159	132	185	265	52	55	132	192
peak259	578	403	512	295	233	250	271	355
peak260	13854	8703	4817	4116	3657	3721	2908	3219
peak261	316	288	218	263	86	124	168	218
peak262	1664	1274	1039	1100	753	822	717	974
peak263	2783	2103	1376	1062	1110	1144	924	1148
peak264	9730	6389	12475	8757	4320	4570	4115	4839
peak265	16237	10490	12528	8125	6333	6427	5406	6434
peak266	2389	1623	2507	1571	1005	960	862	1098
peak267	460	284	577	369	198	181	165	211
peak268	284	191	342	141	131	111	84	140
peak269	665	421	913	817	369	337	474	671
peak270	1884	1208	2177	1646	912	845	1154	1366
peak271	216	147	511	362	93	92	237	293
peak272	433	365	586	367	199	180	231	249
peak273	2018	1427	2993	1655	657	611	700	813
peak274	134	113	162	132	54	63	92	144
peak275	173	128	224	192	83	98	152	181
peak276	389	245	398	211	144	129	164	182
peak277	1642	1200	1615	1131	565	586	603	706
peak278	1062	749	1308	911	384	366	466	630
peak279	222	280	350	286	115	145	213	287
peak280	1962	1266	1823	1066	722	742	756	821
peak281	292	170	456	104	261	228	83	118
peak282	6113	4200	4057	1822	1819	2019	1601	1905
peak283	7506	5028	7423	4367	2329	2349	2840	3562
peak284	4348	3018	4398	2994	1548	1503	1992	2159
peak285	257	205	463	257	63	72	93	134
peak286	2615	2327	4397	5485	1152	1181	3072	3817
peak287	471	388	765	535	195	213	384	452
peak288	2418	1653	2431	1761	968	1016	1261	1508
peak289	1531	1007	1413	720	544	672	677	936
peak290	2552	1677	2213	891	886	1026	814	1052
peak291	1675	1206	818	768	462	500	459	585
peak292	1901	1263	1752	1558	874	804	928	1168
peak293	2894	1926	4216	1853	972	934	992	1066
peak294	1548	1173	2804	1844	534	547	1007	1500
peak295	1214	786	1515	716	275	264	274	383
peak296	210	171	283	115	82	100	111	123
peak297	61	50	117	39	22	20	9	19
peak298	58	36	97	42	13	16	8	12
peak299	1167	737	1751	661	500	541	655	670
peak300	521	418	786	654	143	131	192	235
peak301	3120	2005	2118	1551	1020	922	1165	1232
peak302	142	144	363	184	75	81	121	183
peak303	224	176	390	276	101	112	106	167
peak304	2076	1517	2371	1347	863	894	946	1128
peak305	1570	1183	1986	878	429	452	513	627
peak306	9215	5489	10307	6690	3192	2945	4783	5156
peak307	15017	11474	29814	17364	12085	10865	20319	27187
peak308	14924	10662	23210	16001	10226	10236	14521	17904
peak309	4818	3162	6077	4546	3240	3120	4096	5369
peak310	32399	17209	18460	13692	15403	15661	13054	16680
peak311	317	215	494	238	193	202	193	205
peak312	1747	1120	2053	1097	1077	1149	1334	1613
peak313	303	231	430	231	157	173	201	260
peak314	422	321	345	281	152	190	228	234
peak315	12107	7777	12264	9351	3060	2866	3667	4252
peak316	506	441	684	511	155	216	360	521
peak317	359	241	391	210	124	131	133	164
peak318	607	375	1208	806	253	222	485	627
peak319	181	191	427	347	87	100	238	313
peak320	148	106	205	72	51	58	45	54
peak321	1088	715	1341	543	407	394	346	448
peak322	142	96	224	95	57	51	55	75
peak323	463	367	804	358	253	265	363	472
peak324	712	525	1205	642	259	270	408	499
peak325	655	488	780	468	301	270	313	362
peak326	199	132	161	98	101	114	123	121
peak327	1541	1065	1521	806	525	487	442	575
peak328	2580	1610	3066	1541	757	735	909	1005
peak329	357	258	404	312	117	130	189	202
peak330	259	161	510	195	152	159	128	166
peak331	202	151	311	119	99	99	95	129
peak332	1511	966	1330	1040	496	477	430	555
peak333	336	266	746	347	161	136	249	270
peak334	523	438	372	237	261	272	281	297
peak335	443	358	587	409	230	257	301	392
peak336	1388	895	2109	866	542	609	653	788
peak337	1892	1200	2466	977	794	950	832	1137
peak338	1711	1157	2312	889	729	766	732	858
peak339	3113	2026	4181	1956	1425	1460	1631	2000
peak340	667	475	791	525	204	238	257	308
peak341	420	329	589	278	157	170	196	242
peak342	712	500	928	336	278	352	374	427
peak343	827	563	1281	488	251	239	280	321
peak344	981	721	871	516	441	498	413	496
peak345	21441	14102	19336	9001	8139	8211	7675	9350
peak346	43578	32038	57677	37447	20126	18189	27349	30315
peak347	181	134	348	294	66	54	128	190
peak348	853	593	1183	569	376	429	425	548
peak349	156	105	241	124	58	78	68	111
peak350	95	63	207	123	42	32	78	106
peak351	1925	1363	2686	1245	718	814	883	1068
peak352	900	642	918	564	334	352	373	557
peak353	91	56	207	150	68	54	211	304
peak354	352	253	575	261	142	124	181	187
peak355	110	61	153	77	38	42	48	38
peak356	108	75	182	69	72	62	77	82
peak357	348	233	557	229	132	123	137	136
peak358	133	137	200	142	49	85	101	160
peak359	96	64	144	91	54	63	59	86
peak360	88	86	157	88	54	59	39	82
peak361	437	306	330	222	145	175	186	214
peak362	2626	2040	3032	1759	1020	1188	1615	1875
peak363	906	596	1046	603	233	256	290	323
peak364	187	164	368	139	74	71	72	90
peak365	7756	4769	15280	10058	3221	2695	3962	3858
peak366	178	119	202	106	69	80	87	96
peak367	1262	828	1128	444	340	287	257	261
peak368	2079	1482	2811	1263	541	715	796	925
peak369	1822	1366	1950	1340	490	569	701	971
peak370	2978	1860	3349	2249	945	846	817	936
peak371	1620	1138	1380	955	513	500	526	631
peak372	1536	1060	1487	1164	436	487	477	593
peak373	642	468	754	559	205	202	230	276
peak374	379	300	912	530	135	147	283	316
peak375	771	501	870	518	310	308	299	321
peak376	529	362	671	308	189	202	229	268
peak377	276	227	442	201	119	117	147	162
peak378	174	127	235	116	60	53	79	76
peak379	893	687	782	1039	285	273	450	632
peak380	4027	2650	6058	2088	1471	1492	1412	1597
peak381	173239	105750	91927	46456	58743	55923	41678	45463
peak382	75366	53761	28453	22994	25649	26262	19347	22328
peak383	679	549	958	595	245	263	334	393
peak384	389	265	568	242	150	148	175	205
peak385	779	495	1299	821	365	327	394	462
peak386	64	82	131	269	55	60	247	364
peak387	4807	3353	4695	2695	1387	1480	1628	1858
peak388	3236	2141	2098	1691	875	896	942	1131
peak389	4640	3766	1787	1486	1211	1340	893	1072
peak390	1166	855	1875	1144	512	487	609	733
peak391	3668	2627	1953	1479	1269	1200	1244	1292
peak392	85	60	86	162	77	69	139	191
peak393	711	446	680	333	573	564	593	696
peak394	270	277	688	663	142	150	464	587
peak395	375	292	372	217	173	182	173	218
peak396	1068	725	1526	1005	506	477	566	686
peak397	1342	871	1155	834	489	516	484	606
peak398	16172	10738	15066	9066	4127	3982	4431	5105
peak399	5450	3195	4602	4245	1492	1341	1678	1895
peak400	545	405	1305	879	270	256	682	846
peak401	99	43	170	80	30	39	65	93
peak402	387	236	461	231	259	247	280	297
peak403	187	118	214	114	63	59	47	76
peak404	678	481	768	419	263	251	266	326
peak405	744	471	1530	723	310	284	405	470
peak406	1894	1233	2093	1185	666	748	741	822
peak407	295	194	1113	505	132	126	278	364
peak408	441	320	529	370	182	199	240	289
peak409	10728	7610	5772	3478	4267	4193	3381	3945
peak410	497	379	528	298	225	231	257	297
peak411	111	73	307	131	71	46	43	65
peak412	199	135	240	158	182	210	266	374
peak413	833	525	844	443	752	901	876	1138
peak414	4165	2996	6904	5141	792	794	1664	2093
peak415	8707	6030	7968	4093	1407	1496	1601	2050
peak416	13548	9461	13904	9135	2568	2359	3047	3396
peak417	142	131	241	188	90	103	147	183
peak418	205	137	180	123	70	77	73	75
peak419	115	71	205	66	97	86	75	97
peak420	792	549	935	479	716	665	628	783
peak421	800	506	1062	602	648	596	777	856
peak422	1375	1007	1651	1098	563	582	571	811
peak423	1848	1253	1711	885	772	892	802	904
peak424	1893	1254	2414	1720	623	630	861	1086
peak425	106	51	165	81	31	39	42	51
peak426	695	503	678	478	237	221	329	442
peak427	680	493	928	607	348	322	376	478
peak428	409	256	508	296	162	169	143	179
peak429	1645	1114	1680	1163	510	526	624	753
peak430	1257	790	997	749	333	379	414	515
peak431	871	642	1030	918	289	298	374	416
peak432	5647	3710	3191	2494	1456	1485	1716	1741
peak433	1029	905	983	1924	311	343	927	1121
peak434	108	109	216	92	57	51	43	54
peak435	443	423	796	509	208	248	379	493
peak436	1424	1086	1476	748	709	745	759	859
peak437	1791	1173	2764	1688	933	956	1315	1583
peak438	333	251	380	296	160	169	220	272
peak439	357	268	256	298	186	212	271	330
peak440	832	587	946	579	419	528	562	762
peak441	930	686	1397	511	507	549	579	725
peak442	95	69	119	26	112	111	29	36
peak443	1303	1063	1073	697	632	768	831	1069
peak444	4524	3134	3677	2786	1049	1103	1205	1594
peak445	5095	3306	3281	2764	1100	1045	1297	1479
peak446	122	89	304	130	38	48	36	70
peak447	401	290	528	364	147	184	156	197
peak448	555	375	497	359	235	251	271	335
peak449	100	79	127	100	37	34	55	68
peak450	937	652	680	648	508	490	440	624
peak451	1357	947	958	620	664	640	665	726
peak452	252	243	457	279	135	118	211	239
peak453	399	217	533	327	173	141	269	318
peak454	1917	1393	2025	1195	606	729	677	921
peak455	1516	985	1570	1194	568	551	572	854
peak456	609	381	565	320	274	314	278	370
peak457	111	74	235	94	90	112	113	120
peak458	312	196	278	166	90	81	115	135
peak459	1234	942	857	645	393	441	449	507
peak460	295	200	398	147	85	77	84	98
peak461	979	679	635	437	333	318	262	340
peak462	1394	807	1156	664	329	341	276	331
peak463	423	342	760	609	184	196	389	564
peak464	318	260	594	283	178	149	156	185
peak465	3183	2022	3908	2895	782	791	1025	1359
peak466	353	238	820	575	111	107	242	304
peak467	436	327	693	335	109	131	157	199
peak468	258	195	365	181	94	103	73	88
peak469	527	326	750	387	149	137	133	156
peak470	365	213	552	312	129	140	127	153
peak471	2708	1836	2304	1187	1031	1013	1067	1158
peak472	302	237	714	302	206	232	241	336
peak473	208	192	183	304	82	92	204	289
peak474	394	311	408	308	136	127	121	154
peak475	290	202	337	198	125	159	192	200
peak476	108	70	174	67	55	63	58	87
peak477	673	464	703	378	205	173	202	243
peak478	1970	1252	1134	1377	699	679	562	765
peak479	2479	1782	2303	1266	926	922	795	1026
peak480	394	274	565	294	180	209	246	295
peak481	286	179	191	217	138	112	128	204
peak482	1290	906	1065	740	401	435	439	599
peak483	44	36	129	33	39	45	31	46
peak484	620	518	968	674	240	282	378	502
peak485	760	722	1187	831	263	387	438	603
peak486	1121	787	2498	849	480	548	445	575
peak487	1481	1132	2769	1468	513	616	776	948
peak488	589	447	846	560	201	222	302	365
peak489	1697	1297	2811	1573	551	716	896	1158
peak490	1018	775	1910	977	346	389	478	600
peak491	833	622	893	621	278	317	373	485
peak492	2090	1345	1752	1553	660	741	762	895
peak493	3689	2384	1944	1444	1388	1540	1411	1479
peak494	193	149	282	168	95	83	114	141
peak495	441	230	723	307	178	149	177	180
peak496	97	61	225	206	20	26	103	178
peak497	194	118	219	131	77	76	95	119
peak498	164	144	223	168	85	96	104	142
peak499	87	82	401	185	33	62	114	179
peak500	4493	3248	3774	1680	2300	2021	1380	1497
peak501	2279	1432	2610	1182	1159	1127	1051	1131
peak502	1003	657	1506	724	490	448	653	718
peak503	552	370	503	404	276	291	334	402
peak504	242	173	544	235	186	198	235	385
peak505	273	249	296	218	151	180	193	264
peak506	197	163	299	210	75	77	175	187
peak507	158	91	296	183	84	99	159	195
peak508	1742	1134	1693	1043	678	626	656	748
peak509	1043	755	1177	553	342	399	292	399
peak510	273	219	503	243	132	111	182	182
peak511	150	127	251	145	63	56	67	74
peak512	1450	977	1481	1060	583	553	696	717
peak513	68478	39995	36719	21746	29462	28696	19666	22941
peak514	911	601	560	620	313	336	290	329
peak515	18217	11531	12638	11530	6207	5509	5249	5910
peak516	16945	12359	8487	7694	5129	5301	3626	4285
peak517	11066	6883	15749	8826	3022	3118	3948	4742
peak518	199	165	313	226	98	109	128	173
peak519	676	479	753	532	306	311	402	528
peak520	563	311	653	428	290	272	342	365
peak521	1112	658	871	830	399	453	342	490
peak522	773	515	529	471	217	276	269	349
peak523	2787	1834	5324	1855	1072	1163	1536	1845
peak524	1148	751	2803	840	771	770	1026	1137
peak525	436	309	710	325	300	291	306	381
peak526	266	197	395	198	121	132	140	200
peak527	154	114	188	136	88	77	101	142
peak528	4395	3009	4236	2563	1306	1265	1339	1534
peak529	500	331	668	393	497	415	559	722
peak530	2870	1921	3547	2779	1050	958	1452	1862
peak531	980	749	776	622	353	366	348	429
peak532	313	229	420	211	139	187	160	168
peak533	141	99	431	212	86	74	132	192
peak534	1039	908	1536	1168	410	462	791	1102
peak535	3950	2624	4967	3099	1443	1366	1777	1912
peak536	603	573	1206	597	156	177	278	371
peak537	310	208	329	307	249	294	398	497
peak538	121	93	178	120	64	40	79	97
peak539	350	282	701	521	113	120	253	341
peak540	7428	5621	4054	2681	3329	3482	2678	3043
peak541	11356	7358	12674	8765	4784	4561	6826	7200
peak542	3466	2615	3471	2162	1564	1725	1903	2350
peak543	240	180	321	170	164	156	161	157
peak544	2237	1522	2106	1348	814	793	947	1113
peak545	499	542	597	547	238	287	412	585
peak546	5237	3225	7007	2775	2018	1913	1935	2254
peak547	378	284	605	273	150	181	193	203
peak548	353	222	370	157	263	293	241	326
peak549	1367	1058	2318	1262	731	688	795	981
peak550	180	160	181	221	59	68	203	234
peak551	202	138	243	163	43	53	104	104
peak552	159	106	207	143	103	121	156	203
peak553	624	406	604	310	276	241	185	220
peak554	392	230	474	451	132	171	211	352
peak555	2942	1880	4417	1939	1256	1307	1162	1444
peak556	2614	2101	4510	2059	1129	1195	1447	1836
peak557	1024	692	2259	987	564	514	675	636
peak558	646	537	761	622	343	338	429	558
peak559	864	578	1697	791	526	517	624	716
peak560	450	380	869	586	204	230	348	411
peak561	742	501	1222	509	322	309	305	389
peak562	176	143	369	147	80	100	115	157
peak563	702	584	1117	761	261	307	364	449
peak564	719	508	909	634	239	219	246	341
peak565	294	171	453	372	99	104	149	155
peak566	2495	1763	2207	1269	705	746	819	988
peak567	3696	2457	4323	2562	1139	1138	1300	1589
peak568	355	249	284	220	178	189	189	222
peak569	1226	956	3075	1410	711	820	1095	1376
peak570	2454	1671	3052	1492	728	826	824	998
peak571	764	531	727	431	197	209	250	283
peak572	141	86	276	94	78	91	102	118
peak573	736	598	684	446	291	312	331	442
peak574	537	371	544	344	210	201	261	275
peak575	1201	719	1204	686	369	390	431	642
peak576	485	344	888	395	203	224	210	313
peak577	465	306	522	358	172	157	219	327
peak578	198	153	219	156	69	63	64	108
peak579	594	425	793	395	162	195	244	282
peak580	776	494	996	425	101	105	153	164
peak581	2127	1439	2316	1279	798	743	806	934
peak582	1873	1269	3240	2278	846	794	966	1173
peak583	1674	1256	1297	770	620	620	526	613
peak584	120	66	212	75	94	70	70	82
peak585	413	317	941	365	203	246	273	372
peak586	42	61	147	132	28	40	80	121
peak587	799	710	1863	786	352	383	560	748
peak588	431	415	1462	1009	234	247	585	863
peak589	1158	726	1391	724	419	443	553	647
peak590	4052	2787	5455	3146	1888	1882	2281	2688
peak591	1378	1076	1232	736	354	415	442	562
peak592	359	282	651	303	134	124	166	189
peak593	1781	1384	3188	1810	562	575	917	1182
peak594	2373	1864	3204	2499	675	709	1024	1368
peak595	1246	1024	1616	1308	402	404	570	826
peak596	4992	3515	7207	4513	1353	1551	1879	2578
peak597	1439	1123	2422	1681	547	473	642	792
peak598	1156	711	934	468	319	386	359	449
peak599	906	543	430	219	254	272	224	222
peak600	639	490	516	281	256	269	220	254
peak601	1352	899	1502	822	500	532	545	665
peak602	335	246	706	211	211	213	112	139
peak603	184	141	289	164	185	186	164	216
peak604	738	488	1325	664	526	501	771	898
peak605	715	499	793	379	435	484	470	587
peak606	962	711	1016	662	400	489	439	606
peak607	183	129	188	127	105	106	135	149
peak608	232	134	318	157	166	185	182	236
peak609	87	45	165	44	40	40	21	19
peak610	829	566	1213	475	309	329	310	394
peak611	168	144	255	136	55	63	51	40
peak612	1141	809	1276	536	327	335	296	393
peak613	99	67	184	151	27	36	58	87
peak614	345	216	423	316	149	166	207	260
peak615	109	91	155	72	83	100	95	119
peak616	181	132	226	197	71	59	86	109
peak617	827	560	769	418	349	364	299	371
peak618	397	290	649	341	161	188	209	251
peak619	190	128	461	141	92	81	76	95
peak620	117	83	253	192	41	42	91	146
peak621	433	338	386	125	147	161	111	119
peak622	1458	1096	2140	1513	661	717	950	1301
peak623	647	466	676	373	278	307	338	435
peak624	823	537	729	475	179	237	218	264
peak625	382	253	684	276	192	225	229	281
peak626	6006	3610	7233	3829	2142	2097	2303	2676
peak627	11795	7771	9402	6056	3548	3615	3850	4484
peak628	61610	40069	60001	69253	22694	21364	34732	39082
peak629	8246	5326	10758	6452	3007	2957	4399	5007
peak630	735	439	889	436	292	308	272	337
peak631	171	163	355	223	123	149	217	295
peak632	365	224	548	281	224	240	257	331
peak633	3218	2047	4075	2172	1052	1062	1393	1627
peak634	397	254	525	237	121	159	167	195
peak635	295	218	426	200	118	113	139	166
peak636	29025	20840	27235	41559	15067	12626	30895	33185
peak637	589	335	1065	460	377	366	441	423
peak638	1957	1359	1657	1231	472	538	604	744
peak639	1255	998	1796	1580	462	541	1220	1656
peak640	891	754	1506	824	220	280	325	460
peak641	95857	67098	79151	56363	28726	29261	31938	36063
peak642	24757	17707	17894	15040	7717	7924	9700	12035
peak643	636	485	1790	1198	342	351	942	1236
peak644	56975	41113	41242	30078	16304	17636	16518	21941
peak645	40999	28764	32715	18806	11399	12267	10937	13722
peak646	29263	19027	20666	17957	8823	9048	9861	10930
peak647	39284	25082	62306	26853	13974	13172	15327	17225
peak648	200	127	157	194	86	103	113	171
peak649	337	298	737	453	179	155	302	398
peak650	888	608	1129	754	334	334	425	434
peak651	1240	790	1003	543	474	444	397	498
peak652	290	320	661	655	109	110	207	294
peak653	229	249	299	223	109	130	247	302
peak654	593	433	1024	604	289	265	364	413
peak655	1910	1154	2617	1202	565	569	603	721
peak656	31157	18758	36890	30431	14118	12350	20386	22862
peak657	394	272	310	239	136	162	178	210
peak658	752	541	1493	611	446	467	633	798
peak659	2744	1809	3587	1652	869	910	1076	1240
peak660	223	213	399	164	120	129	133	184
peak661	395	261	414	330	194	202	248	344
peak662	710	529	1052	423	396	369	438	547
peak663	1897	1324	1753	799	830	836	732	862
peak664	231	198	388	219	157	123	151	159
peak665	1182	817	990	514	457	483	493	513
peak666	565	357	517	279	98	87	96	132
peak667	207	178	202	219	83	101	155	179
peak668	900	564	856	468	314	380	263	335
peak669	787	525	910	496	312	331	281	303
peak670	1717	1061	2663	1430	624	670	697	879
peak671	904	756	963	556	393	479	506	539
peak672	1003	712	1593	696	349	348	435	559
peak673	675	500	793	491	290	322	356	450
peak674	973	698	1112	674	493	516	465	616
peak675	457	413	929	306	205	281	335	408
peak676	4383	2819	5456	2672	1082	1009	1014	1247
peak677	500	318	746	279	294	293	364	390
peak678	145	159	264	298	68	87	188	257
peak679	1648	1018	1688	966	637	622	639	748
peak680	953	690	1441	635	536	602	622	730
peak681	573	446	1088	541	331	318	558	599
peak682	668	526	1361	687	404	427	618	677
peak683	3761	2360	5693	2518	957	993	1174	1409
peak684	839	530	948	668	361	337	448	508
peak685	169	143	245	152	78	83	91	121
peak686	664	532	944	341	311	332	327	335
peak687	90	59	158	71	39	52	57	71
peak688	688	530	1329	428	331	310	297	371
peak689	2497	1675	3386	2032	1033	1016	1131	1334
peak690	439	296	545	300	395	369	449	538
peak691	107	128	185	196	56	77	169	222
peak692	7368	5173	8140	5409	3207	3262	3367	4035
peak693	6325	4023	6508	3062	2554	2583	2313	2765
peak694	10153	7094	9255	6004	4068	4307	4372	5035
peak695	4322	3050	3823	1757	1737	1910	1658	1878
peak696	390	277	382	201	146	142	162	184
peak697	552	420	625	225	250	294	267	325
peak698	307	213	340	208	141	158	137	194
peak699	313	223	570	312	32	31	55	86
peak700	535	399	546	363	223	243	262	289
peak701	378	351	320	255	111	126	123	179
peak702	368	249	336	216	164	142	181	226
peak703	239	153	295	158	88	81	99	121
peak704	157	127	209	96	76	69	96	87
peak705	2944	1859	3101	2265	817	751	1003	1012
peak706	405	290	557	371	205	227	246	306
peak707	537	346	891	368	268	261	302	310
peak708	1443	861	2007	1124	350	341	459	521
peak709	1373	980	2311	796	818	782	641	776
peak710	447	322	660	321	198	203	267	270
peak711	532	312	619	258	1991	1851	982	1277
peak712	598	390	398	360	208	224	259	339
peak713	219	143	830	394	93	100	174	254
peak714	154	136	287	94	70	77	95	94
peak715	2239	1497	4534	1996	732	757	868	1018
peak716	368	270	352	197	114	113	140	142
peak717	104	82	173	107	50	55	72	89
peak718	1228	756	1891	1285	594	536	954	1111
peak719	7292	4304	5082	5062	1887	1927	1941	2264
peak720	1575	1092	1230	1418	500	528	684	792
peak721	737	460	677	435	403	417	444	566
peak722	1009	606	1135	577	392	405	274	337
peak723	318	232	564	329	205	193	176	253
peak724	180	129	331	158	106	119	116	129
peak725	189	133	320	166	99	117	147	173
peak726	997	612	1290	485	499	571	510	583
peak727	239	165	350	149	186	166	139	175
peak728	2439	1669	2068	1760	606	590	819	981
peak729	1963	1511	3251	1702	583	646	887	1071
peak730	2041	1539	1871	962	616	709	573	679
peak731	420	310	653	330	209	186	273	307
peak732	1455	923	1253	804	621	537	580	699
peak733	3365	2386	3293	1465	1124	1127	1041	1174
peak734	3390	2259	3270	1497	850	938	836	943
peak735	3273	2441	6020	5919	914	933	2422	2953
peak736	851	655	1581	665	254	240	334	403
peak737	468	300	462	198	185	199	179	210
peak738	291	193	543	300	133	145	210	260
peak739	2424	1777	1538	1545	926	846	899	1053
peak740	1160	770	970	984	405	429	575	679
peak741	25814	18375	25602	12966	9524	10434	10332	11969
peak742	15061	11043	21124	12520	5254	5486	7054	9163
peak743	28286	19129	43427	18101	10994	11090	13973	15206
peak744	29783	20023	24691	17899	9547	9961	11592	12914
peak745	2964	2180	1674	1840	446	519	652	867
peak746	1217	890	928	987	532	544	622	880
peak747	496	347	483	252	172	207	192	269
peak748	1184	920	1160	952	316	348	359	552
peak749	3329	2396	3106	1805	848	953	826	1022
peak750	387	277	404	285	135	115	188	209
peak751	519	406	853	616	339	353	412	443
peak752	177	152	264	191	69	113	177	262
peak753	2562	1762	2505	2182	986	1078	1477	1659
peak754	646	524	929	771	285	333	492	596
peak755	1584	1317	3574	1844	943	857	1209	1554
peak756	546	415	696	425	228	275	247	356
peak757	612	418	858	512	247	244	282	398
peak758	1048	727	1352	597	399	405	380	461
peak759	485	334	959	385	211	204	236	285
peak760	673	419	1879	743	393	377	755	871
peak761	470	310	1070	483	259	254	529	666
peak762	922	573	2353	1405	535	418	1186	1401
peak763	322	264	390	263	162	179	222	268
peak764	1780	1213	2220	1030	505	608	676	713
peak765	100	63	115	50	59	51	27	24
peak766	279	230	320	269	101	117	155	186
peak767	208	170	515	276	74	125	167	231
peak768	1401	1379	1836	1153	507	502	411	470
peak769	655	542	558	967	379	426	1124	1375
peak770	204	172	206	150	201	206	230	298
peak771	76	40	102	29	106	89	27	43
peak772	751	441	935	475	290	311	337	379
peak773	259	168	447	177	87	108	95	113
peak774	293	208	482	232	95	109	147	177
peak775	128	135	340	215	62	60	109	129
peak776	41	35	68	78	40	36	82	117
peak777	168	160	215	196	154	198	205	293
peak778	603	362	913	471	237	247	218	312
peak779	980	672	1789	619	366	389	388	460
peak780	515	428	699	434	211	215	242	310
peak781	343	270	487	202	95	103	121	142
peak782	796	600	901	540	284	292	369	451
peak783	2097	1322	1662	847	415	396	323	404
peak784	1821	1175	2336	1306	337	364	454	486
peak785	130	107	344	139	81	71	61	89
peak786	497	325	723	381	171	198	230	264
peak787	170	117	181	127	58	79	100	109
peak788	248	159	389	183	110	127	157	183
peak789	1013	677	981	602	375	359	355	383
peak790	193	127	217	136	25	36	50	57
peak791	3537	2316	2627	1547	5239	5432	4697	5626
peak792	2345	1659	2274	1808	3802	3854	4425	5255
peak793	303	273	339	240	229	300	365	470
peak794	4515	3038	5839	3789	1459	1324	1980	2459
peak795	265	166	342	79	198	201	53	89
peak796	604	404	1093	442	229	268	222	321
peak797	373	369	580	335	126	129	199	268
peak798	898	504	783	461	289	262	291	379
peak799	1060	807	1310	592	390	386	355	462
peak800	2508	1749	1244	1055	916	934	895	1087
peak801	8693	5648	4766	2589	3095	2931	2214	2542
peak802	2648	1639	1631	1012	563	539	550	664
peak803	374	358	926	605	97	135	287	401
peak804	951	659	1163	658	272	321	359	438
peak805	714	580	1455	1055	242	293	547	715
peak806	1529	1106	1994	1198	523	598	661	845
peak807	31	47	106	163	24	26	91	186
peak808	59	57	124	54	24	21	13	13
peak809	72	58	116	37	24	21	14	17
peak810	738	471	897	490	334	368	360	422
peak811	828	546	1043	637	413	422	412	649
peak812	1304	855	1251	739	587	631	669	879
peak813	1682	1246	6262	1867	1427	1406	1525	1956
peak814	1186	749	1245	556	513	457	236	282
peak815	664	476	1008	351	313	331	158	182
peak816	1116	844	1468	614	563	489	243	275
peak817	1349	887	1814	941	435	511	544	657
peak818	2221	1504	3343	1151	698	715	723	711
peak819	373	265	424	202	124	126	132	185
peak820	182	134	263	165	66	72	75	110
peak821	174	143	243	146	85	109	118	167
peak822	85	69	141	85	52	50	76	119
peak823	45	54	208	164	66	58	179	278
peak824	3694	2427	5356	2614	1223	1284	1355	1464
peak825	101	90	159	71	47	50	46	86
peak826	91	94	164	148	41	45	86	139
peak827	447	313	366	194	129	113	110	131
peak828	622	341	564	205	155	166	145	192
peak829	241	123	280	152	94	74	117	142
peak830	501	361	371	291	203	161	164	184
peak831	1188	679	1307	641	274	230	254	267
peak832	467	330	645	446	114	123	210	241
peak833	112	78	218	94	58	62	47	59
peak834	701	526	1422	813	315	328	424	537
peak835	1173	787	1198	673	407	398	408	510
peak836	1247	854	1562	1100	462	441	560	658
peak837	28192	18941	35464	19920	7196	7247	8472	9668
peak838	27346	19447	20293	10818	7176	7355	6219	7579
peak839	15140	12678	19203	11458	4469	4953	6749	7939
peak840	1313	852	1923	930	352	386	496	625
peak841	683	634	830	613	276	249	335	380
peak842	268	144	230	160	77	75	75	88
peak843	280	188	270	193	89	99	153	176
peak844	364	233	687	200	151	149	182	246
peak845	290	284	423	422	98	127	213	310
peak846	2362	1557	2025	1750	528	559	781	872
peak847	174	159	265	83	48	79	72	92
peak848	470	305	559	278	163	166	153	202
peak849	2623	1967	4126	1510	2147	2581	2299	2835
peak850	10682	7641	15621	7411	10309	10991	7031	10739
peak851	5736	4158	3980	2464	1781	1809	1664	1859
peak852	115	72	135	58	108	91	79	75
peak853	1334	956	1690	1157	383	395	503	648
peak854	1164	784	1017	941	226	249	351	431
peak855	1749	1197	1324	1084	427	434	470	500
peak856	201	154	464	255	195	188	246	302
peak857	267	206	607	363	258	227	317	397
peak858	53	47	350	105	30	32	73	98
peak859	485	329	367	260	161	163	241	271
peak860	444	293	1046	729	189	182	449	587
peak861	233	199	316	219	154	159	133	234
peak862	204	135	415	359	101	105	245	356
peak863	459	320	483	214	151	205	198	241
peak864	93	82	166	90	68	70	87	94
peak865	203	195	446	241	124	161	207	233
peak866	221	157	165	205	91	84	156	167
peak867	3820	2587	4071	2033	1472	1526	1550	2053
peak868	3447	2264	3199	1361	1270	1358	1262	1464
peak869	3352	2216	2766	1128	1202	1260	947	1156
peak870	5472	3633	4297	3044	1818	2111	1964	2505
peak871	5505	3551	5085	3198	1842	2098	2222	2686
peak872	4984	3276	3389	1853	1667	1817	1598	1916
peak873	2660	1935	2145	1776	969	1072	1212	1475
peak874	3475	2345	2242	1090	1189	1312	927	1086
peak875	4990	3541	1845	1578	1918	2032	1051	1321
peak876	2739	1582	3214	1909	999	985	1005	1359
peak877	4668	3091	5506	4473	2400	2212	4078	4272
peak878	373	282	410	240	138	169	149	203
peak879	472	325	707	307	200	177	192	238
peak880	337	250	337	194	134	151	104	146
peak881	1190	842	1150	691	425	455	507	634
peak882	1071	776	1155	845	336	360	419	604
peak883	247	169	284	124	82	81	66	101
peak884	538	341	883	480	176	194	258	296
peak885	91	64	107	116	35	41	62	68
peak886	734	507	1130	635	245	258	290	343
peak887	1047	632	1663	718	333	311	352	419
peak888	182	140	261	126	87	79	108	130
peak889	579	347	1223	417	311	294	387	445
peak890	1825	1240	2441	1317	660	752	915	959
peak891	510	357	479	239	192	206	191	228
peak892	673	519	686	422	293	336	300	379
peak893	712	444	1677	677	273	256	279	334
peak894	305	231	592	270	115	120	150	141
peak895	1077	717	952	752	359	369	433	492
peak896	358	291	556	290	89	77	79	92
peak897	2437	1808	4508	3735	1137	995	2529	3391
peak898	106	82	232	122	47	61	103	121
peak899	300	191	248	250	111	113	173	207
peak900	48	58	122	87	25	36	45	78
peak901	255	181	405	367	95	113	206	301
peak902	660	470	752	492	233	261	318	391
peak903	331	220	561	362	129	150	188	215
peak904	37990	23277	16674	11710	14111	12857	9792	11129
peak905	336	228	460	241	115	128	171	153
peak906	493	316	2427	1122	234	212	607	757
peak907	488	410	603	433	196	252	325	395
peak908	204	124	389	196	82	81	97	146
peak909	121	85	184	111	49	58	62	102
peak910	1196	847	1709	976	326	282	392	508
peak911	727	488	1368	745	228	235	288	416
peak912	3308	1979	2703	1648	929	973	994	1220
peak913	5503	3796	5858	3049	2403	2500	2032	2403
peak914	1905	1224	1204	1300	765	707	615	689
peak915	272	194	360	143	58	68	69	112
peak916	992	666	977	778	302	290	359	438
peak917	322	226	602	160	340	311	118	156
peak918	5637	3805	8027	4205	2960	2776	3329	3740
peak919	289	214	432	192	129	133	140	162
peak920	310	258	338	285	115	93	175	209
peak921	866	597	895	609	234	211	290	328
peak922	336	273	441	221	221	221	310	332
peak923	1300	827	1241	666	382	397	397	449
peak924	585	463	984	547	213	251	220	316
peak925	976	644	903	342	243	261	204	228
peak926	137	109	221	114	154	149	185	203
peak927	879	567	1117	625	754	728	910	1093
peak928	2741	2140	3472	2798	1419	1457	2020	2738
peak929	383	435	271	458	184	222	434	660
peak930	467	270	653	381	208	198	267	321
peak931	269	173	429	214	110	114	165	194
peak932	72	95	273	108	67	77	110	111
peak933	1362	805	1274	1031	478	467	453	590
peak934	966	563	958	705	264	298	377	527
peak935	1391	945	1828	910	523	486	546	619
peak936	110	87	160	98	78	83	98	135
peak937	1171	804	1585	739	346	368	382	485
peak938	481	348	1033	330	164	126	196	231
peak939	962	645	927	576	362	333	378	437
peak940	1901	1299	1658	866	590	500	540	558
peak941	145	111	144	143	51	46	77	89
peak942	292	196	258	164	128	112	192	185
peak943	1226	909	1676	855	597	646	683	805
peak944	226	105	361	115	165	182	130	175
peak945	398	173	359	162	89	92	86	101
peak946	991	570	2920	864	221	171	316	409
peak947	2622	1754	3498	2311	525	534	921	1153
peak948	654	477	710	372	247	274	319	358
peak949	228	159	334	163	60	68	69	87
peak950	2515	1798	2768	1939	937	938	1168	1379
peak951	254	171	333	166	113	104	115	161
peak952	405	265	866	369	175	143	244	267
peak953	170	149	282	193	95	97	149	189
peak954	220	159	190	165	80	88	124	147
peak955	934	638	960	567	217	229	306	333
peak956	470	344	314	273	168	134	148	146
peak957	328	236	397	265	102	118	128	177
peak958	620	435	922	341	213	177	178	250
peak959	526	338	782	277	156	165	168	166
peak960	406	281	697	336	125	152	148	157
peak961	469	395	754	438	241	231	306	374
peak962	476	344	590	385	248	273	409	451
peak963	4741	3556	6514	3827	2166	2147	2730	3079
peak964	391	278	506	396	124	112	166	221
peak965	916	533	944	506	225	286	284	336
peak966	7334	4565	8376	4946	1468	1415	1333	1588
peak967	8485	5918	15281	6838	1752	1774	2267	2601
peak968	5041	3843	4310	3930	899	951	1284	1478
peak969	5149	4035	4309	2549	1009	1084	956	1225
peak970	3811	2854	2000	1504	609	726	584	729
peak971	2763	1856	1930	1047	1076	1061	1018	1123
peak972	726	489	851	458	225	266	253	382
peak973	864	545	1173	468	307	288	313	371
peak974	239	153	312	202	107	120	161	232
peak975	373	274	815	287	239	218	287	320
peak976	554	378	1154	534	338	326	466	507
peak977	75737	54894	43013	32638	17761	19363	15900	18608
peak978	93909	69681	47149	30244	22783	24898	17450	20742
peak979	86801	56600	112311	61706	21984	21718	26507	32375
peak980	4513	3071	4989	2871	1399	1447	1701	2085
peak981	4160	2443	8631	4335	1376	1200	1982	2083
peak982	4165	2692	6071	3656	1191	1215	1636	1814
peak983	5484	3496	5707	3432	1568	1454	1749	2075
peak984	3745	2526	3696	2516	1032	1033	1246	1593
peak985	2568	1401	4124	1208	657	589	672	750
peak986	517	366	640	352	182	153	193	228
peak987	482	327	808	602	239	181	423	412
peak988	125	90	485	293	47	36	157	186
peak989	392	282	438	242	99	121	141	177
peak990	526	386	665	358	231	267	264	342
peak991	506	302	771	313	244	221	256	275
peak992	637	595	552	648	238	316	443	590
peak993	308	194	417	270	116	116	166	173
peak994	259	201	229	301	89	104	191	237
peak995	158	134	176	112	51	86	110	149
peak996	407	238	393	334	146	144	147	195
peak997	329	199	374	260	88	80	84	139
peak998	88	73	215	86	55	45	46	56
peak999	398	194	529	253	132	139	217	266
peak1000	34	52	74	129	26	28	118	166
peak1001	336	264	420	216	164	166	164	236
peak1002	106	86	213	117	35	47	84	79
peak1003	1507	887	1440	773	380	454	392	571
peak1004	505	382	597	248	237	262	284	328
peak1005	944	695	993	884	437	468	547	748
peak1006	127	98	137	157	65	79	155	206
peak1007	112	83	159	72	31	41	20	38
peak1008	148	105	244	73	59	68	61	81
peak1009	403	393	453	164	143	190	134	147
peak1010	3613	2705	4571	1906	1172	1277	1189	1266
peak1011	3733	2314	4822	2612	1304	1274	1285	1674
peak1012	199	156	343	201	87	95	154	206
peak1013	119	75	139	83	91	90	78	91
peak1014	340	319	380	201	120	149	128	172
peak1015	343	289	441	356	205	199	304	414
peak1016	267	168	465	169	97	165	167	176
peak1017	206	130	177	209	89	132	186	250
peak1018	467	352	571	260	203	221	201	273
peak1019	1145	795	1111	659	451	405	514	588
peak1020	772	546	1908	518	344	368	428	463
peak1021	1744	1193	1792	633	466	526	431	538
peak1022	2040	1469	3082	1373	649	670	717	980
peak1023	431	304	599	223	152	150	133	183
peak1024	418	290	627	252	127	150	156	206
peak1025	212	179	257	172	74	59	68	111
peak1026	483	386	606	401	192	223	250	327
peak1027	1550	1023	1989	1046	633	642	645	749
peak1028	2322	1664	2708	1157	632	712	639	767
peak1029	1783	1327	1115	518	714	767	498	516
peak1030	828	638	1545	971	320	309	458	509
peak1031	1258	848	2261	936	436	430	529	685
peak1032	1009	702	1056	566	389	402	391	549
peak1033	4758	3614	4295	5041	1302	1240	2245	2608
peak1034	8949	6131	10481	6613	2754	2550	3202	3770
peak1035	1008	748	1322	621	326	273	379	447
peak1036	192	186	218	86	59	100	100	90
peak1037	2018	1430	1899	1136	540	564	555	729
peak1038	1442	1009	1629	465	358	331	343	360
peak1039	2537	1787	2090	1664	1398	1368	1564	2007
peak1040	1406	1072	891	441	410	479	321	392
peak1041	2016	1343	2254	1661	564	597	935	1109
peak1042	798	627	1619	551	509	491	276	447
peak1043	7039	5501	5742	4462	2480	2584	2949	3628
peak1044	1312	1021	1577	596	295	272	274	307
peak1045	2752	1834	2446	1052	558	597	500	573
peak1046	43	31	217	167	8	12	71	91
peak1047	999	712	1246	748	519	489	628	706
peak1048	396	292	673	236	180	148	171	185
peak1049	90	80	200	130	31	44	86	103
peak1050	97781	63722	90764	46153	31990	32566	28928	33806
peak1051	65770	45352	66812	36513	19857	21256	22553	27122
peak1052	24661	17085	19013	11419	7186	7510	7900	9095
peak1053	31757	20440	31138	12874	9774	10025	8536	9956
peak1054	24904	19230	16656	16865	8192	8731	9114	11264
peak1055	524	361	1101	393	215	199	238	277
peak1056	87	61	137	66	97	81	61	85
peak1057	364	285	714	454	145	171	301	391
peak1058	94	55	143	81	54	72	46	73
peak1059	193	162	426	219	108	92	139	227
peak1060	218	211	498	205	84	146	230	219
peak1061	739	567	1003	405	225	253	286	325
peak1062	1423	982	1160	788	409	442	405	495
peak1063	1708	1101	1190	758	450	456	358	429
peak1064	1840	1283	2168	1003	475	513	530	699
peak1065	3074	2113	3768	1797	803	831	813	1031
peak1066	429	239	571	235	133	103	145	177
peak1067	961	746	908	545	342	356	327	440
peak1068	1333	900	2069	1217	457	443	732	887
peak1069	1059	760	1259	897	490	578	611	811
peak1070	415	310	586	335	357	328	257	346
peak1071	932	741	938	363	638	630	449	560
peak1072	13604	9171	10749	5510	6601	6624	5830	6595
peak1073	396	233	316	326	331	292	361	498
peak1074	2281	1419	4384	1752	1040	1032	1273	1537
peak1075	1368	868	1840	1052	534	516	723	822
peak1076	50	41	165	75	26	32	66	94
peak1077	1613	1109	1346	647	480	409	469	496
peak1078	2393	1569	1967	1244	817	840	862	1030
peak1079	1001	767	998	835	333	354	620	618
peak1080	557	429	605	248	216	184	171	218
peak1081	1325	871	1449	700	482	478	515	652
peak1082	1708	1156	1579	798	602	704	639	732
peak1083	2358	1457	3282	1680	831	786	868	1120
peak1084	1491	916	2803	1068	496	478	600	786
peak1085	2334	1608	3127	1409	708	609	754	827
peak1086	1539	1040	1930	883	609	571	545	603
peak1087	4205	2893	3081	2388	1528	1453	1529	1788
peak1088	3831	2780	4462	2333	1360	1430	1643	1906
peak1089	871	523	1016	495	413	444	461	595
peak1090	3011	2005	1743	1335	880	835	957	1049
peak1091	5187	3469	6313	2764	1703	1762	1738	2281
peak1092	359	284	407	186	147	130	141	183
peak1093	328	212	396	258	140	151	228	238
peak1094	423	309	570	472	188	201	284	328
peak1095	7990	5212	11425	6075	2249	2266	2425	3096
peak1096	3763	2326	3005	2146	965	989	1011	1267
peak1097	3773	2542	2972	1629	935	940	786	964
peak1098	1853	1267	2239	903	615	615	637	708
peak1099	2143	1424	4183	1532	702	689	840	1063
peak1100	2744	1835	2435	1106	1022	1068	793	1043
peak1101	1590	1088	1859	1167	435	487	464	593
peak1102	1096	760	1163	711	300	292	296	409
peak1103	2026	1206	3614	1522	587	542	657	735
peak1104	916	672	1279	815	266	257	394	421
peak1105	598	365	932	502	290	273	397	399
peak1106	936	561	1113	619	308	307	410	510
peak1107	817	602	1192	572	190	208	219	288
peak1108	1077	768	573	683	213	252	211	273
peak1109	1442	1023	1550	743	452	451	482	518
peak1110	713	406	1348	626	225	199	329	417
peak1111	1151	723	885	590	516	559	592	614
peak1112	771	516	1258	599	251	253	356	439
peak1113	3356	2205	3113	2065	1222	1164	1324	1518
peak1114	774	732	1394	1310	386	403	879	1199
peak1115	21224	15786	29919	14062	5540	6250	7543	9297
peak1116	16765	11341	16522	8173	4002	4299	4615	5470
peak1117	4562	2873	4807	3333	1934	2040	2475	2896
peak1118	6375	4756	5352	4171	3151	3149	2839	3804
peak1119	1961	1303	3069	1866	512	505	792	922
peak1120	2455	1749	4604	1511	751	772	701	904
peak1121	1552	1236	2833	929	639	726	772	921
peak1122	130	95	298	198	180	175	277	400
peak1123	47	36	113	107	45	57	106	208
peak1124	2300	1923	2833	1672	965	1190	1518	1782
peak1125	2274	1504	1897	941	804	788	751	827
peak1126	176	117	213	126	81	79	149	152
peak1127	1014	700	710	681	339	381	593	718
peak1128	233	252	526	516	90	138	288	446
peak1129	144	93	128	102	56	69	82	119
peak1130	172	123	333	136	79	66	98	135
peak1131	172	157	382	181	71	95	125	168
peak1132	187	129	395	178	90	123	118	150
peak1133	178	126	387	220	89	92	121	176
peak1134	467	335	652	322	178	203	224	274
peak1135	335	223	542	245	181	150	152	184
peak1136	335	230	534	206	198	174	203	252
peak1137	715	451	441	552	269	275	274	304
peak1138	186	125	308	184	85	84	111	138
peak1139	453	293	633	314	174	182	196	231
peak1140	337	287	475	300	126	167	180	219
peak1141	397	269	473	310	201	208	194	271
peak1142	879	587	1500	703	391	415	533	556
peak1143	536	440	536	438	166	185	247	310
peak1144	407	224	392	254	114	140	169	167
peak1145	595	381	576	360	225	232	241	275
peak1146	1030	694	1669	567	429	417	459	591
peak1147	680	522	864	461	281	317	279	422
peak1148	377	261	354	250	109	144	106	157
peak1149	7248	6205	10708	6137	2051	2391	3843	4236
peak1150	5886	5145	7563	6275	2000	2229	3872	5045
peak1151	143	125	327	150	58	84	126	120
peak1152	1798	1382	978	743	600	604	590	706
peak1153	2509	1786	2004	1285	805	806	1049	1281
peak1154	1185	824	2743	1162	645	581	832	968
peak1155	161	93	250	112	77	70	73	91
peak1156	1094	851	914	615	377	467	437	563
peak1157	1088	693	1051	722	376	432	464	613
peak1158	436	317	694	309	131	119	158	191
peak1159	258	193	379	255	207	223	269	384
peak1160	393	287	667	377	264	313	395	455
peak1161	356	266	367	210	71	68	90	113
peak1162	468	391	1040	564	208	206	306	344
peak1163	1499	1003	1784	689	640	604	637	745
peak1164	986	717	1589	1097	475	433	718	820
peak1165	2971	2059	2256	2005	824	870	1158	1321
peak1166	421	345	888	563	218	265	400	574
peak1167	257	211	343	164	106	118	137	195
peak1168	1121	691	1357	632	286	326	328	338
peak1169	435	340	611	349	191	225	235	278
peak1170	4082	2893	4049	2615	1656	1757	1735	1928
peak1171	72	87	228	158	68	95	199	294
peak1172	457	337	459	229	126	146	157	162
peak1173	2753	1879	3598	1828	948	1013	1139	1374
peak1174	614	409	776	443	263	304	260	296
peak1175	378	308	823	574	114	169	318	390
peak1176	236	180	396	171	156	173	191	222
peak1177	1171	757	946	578	569	551	474	593
peak1178	618	453	848	470	305	301	323	430
peak1179	1086	862	1299	795	539	525	577	744
peak1180	662	456	928	519	234	252	348	370
peak1181	281	206	381	163	93	88	118	154
peak1182	500	492	1059	526	205	268	402	516
peak1183	2365	1688	4710	2772	1001	1010	1339	1769
peak1184	1368	981	2389	1056	623	587	577	729
peak1185	1545	1118	2332	1579	483	549	703	929
peak1186	271	215	305	289	77	95	173	265
peak1187	847	559	1283	616	351	365	455	466
peak1188	116	74	214	108	44	33	45	58
peak1189	283	184	413	259	166	210	240	348
peak1190	372	254	669	288	106	124	199	204
peak1191	420	299	478	345	167	174	206	221
peak1192	286	287	386	259	96	131	228	194
peak1193	95	60	182	102	56	58	97	112
peak1194	1147	800	1096	501	407	445	360	504
peak1195	184	169	371	266	77	89	160	227
peak1196	2942	1935	3118	2119	971	885	1325	1649
peak1197	3816	2649	3671	3217	1413	1356	1851	2110
peak1198	56	43	97	91	33	34	67	112
peak1199	1110	709	1180	709	282	288	371	405
peak1200	127	114	159	100	39	40	68	57
peak1201	1755	1208	1562	969	356	416	426	513
peak1202	261	161	412	209	67	103	106	154
peak1203	243	189	387	208	112	160	183	208
peak1204	300	207	470	195	151	184	134	212
peak1205	354	235	385	249	140	169	181	245
peak1206	1615	1109	1198	882	581	496	622	623
peak1207	201	139	223	109	59	81	112	154
peak1208	3651	2797	6350	2580	1558	1795	2181	2721
peak1209	204	143	236	101	127	129	128	155
peak1210	1108	763	1939	1255	433	438	638	875
peak1211	740	491	1206	847	284	332	522	700
peak1212	141	92	153	96	62	61	58	69
peak1213	126	80	210	134	29	46	66	81
peak1214	430	323	380	414	113	136	177	228
peak1215	182	128	121	176	104	86	78	119
peak1216	318	230	409	356	220	210	266	356
peak1217	2915	2047	3360	2167	770	832	906	1129
peak1218	4656	3410	5428	2664	1372	1371	1320	1589
peak1219	986	883	1354	1024	258	324	435	588
peak1220	963	690	1356	831	291	268	384	498
peak1221	1128	772	1279	902	289	319	476	524
peak1222	12106	7363	10731	8970	2839	2512	3467	4306
peak1223	113	80	121	141	85	97	120	151
peak1224	262	211	290	249	218	220	329	332
peak1225	4402	3365	6049	3068	1377	1688	2053	2697
peak1226	1087	846	1022	782	390	361	538	601
peak1227	513	321	530	282	217	204	240	310
peak1228	30231	21463	26105	14738	10648	10540	9838	10818
peak1229	22538	13070	17791	10043	8406	7586	9644	9902
peak1230	303	212	287	217	101	105	132	158
peak1231	502	409	614	364	169	174	234	272
peak1232	537	396	726	447	171	188	213	336
peak1233	291	231	375	225	174	177	191	265
peak1234	3568	2536	5631	2421	1100	1050	1196	1487
peak1235	4046	2835	3379	1981	1190	1161	1286	1375
peak1236	203	173	296	163	122	116	133	163
peak1237	1531	1029	1550	679	383	443	458	520
peak1238	1161	866	1569	722	395	366	397	472
peak1239	320	210	551	263	106	106	151	168
peak1240	208	119	439	302	56	62	119	148
peak1241	168	147	228	186	139	146	250	323
peak1242	145	85	281	205	98	105	225	364
peak1243	112	86	214	108	114	102	134	158
peak1244	2680	1858	2314	1157	775	821	866	1015
peak1245	413	282	379	259	146	137	189	187
peak1246	2517	1808	3199	1662	1109	1112	1356	1650
peak1247	1735	1195	1362	647	693	726	502	668
peak1248	1716	1366	1780	914	693	752	777	881
peak1249	2253	1680	2784	1778	969	1056	1181	1446
peak1250	863	568	637	416	453	406	420	564
peak1251	76	45	138	104	53	43	130	153
peak1252	17609	13661	21698	15808	6275	6571	10130	11922
peak1253	174	108	318	224	98	85	173	224
peak1254	105	75	220	183	55	45	125	155
peak1255	1137	772	1501	679	496	490	457	581
peak1256	1534	1078	1572	835	445	410	534	642
peak1257	970	730	1804	906	350	355	440	508
peak1258	71	70	202	107	28	22	73	71
peak1259	332	219	452	251	145	162	202	250
peak1260	14763	10102	7379	3955	5104	5041	4091	3947
peak1261	190	142	267	123	83	102	94	129
peak1262	189	119	188	124	87	81	110	119
peak1263	1067	596	1814	1006	455	426	663	730
peak1264	105	109	239	232	57	50	163	231
peak1265	138	129	146	144	47	62	94	121
peak1266	185	139	200	118	94	100	119	157
peak1267	77	56	145	80	105	81	183	181
peak1268	79	62	120	71	30	42	16	46
peak1269	1604	1103	1521	1089	910	905	969	1216
peak1270	4465	3393	3999	1801	1656	1822	1264	1569
peak1271	919	594	605	551	190	208	199	234
peak1272	510	321	787	406	128	126	197	231
peak1273	392	295	571	321	147	148	191	228
peak1274	172	101	222	119	87	118	103	132
peak1275	209	155	288	189	85	98	151	193
peak1276	581	409	587	452	209	176	292	320
peak1277	3406	2279	4967	2412	1052	1084	1342	1475
peak1278	4362	2731	2703	2069	1353	1267	1184	1654
peak1279	835	557	1023	738	442	408	443	511
peak1280	1404	955	1589	870	785	736	772	994
peak1281	357	217	409	319	145	150	241	282
peak1282	283	201	358	350	84	92	194	226
peak1283	219	173	253	185	114	129	148	175
peak1284	158	122	212	172	71	78	121	155
peak1285	447	318	623	377	168	152	217	259
peak1286	911	692	866	637	294	335	480	608
peak1287	264	212	267	222	78	108	112	173
peak1288	506	374	592	773	187	178	419	544
peak1289	1478	1176	1825	1133	478	523	658	798
peak1290	1550	1117	1467	819	675	748	717	898
peak1291	87	70	171	56	45	62	51	67
peak1292	288	214	343	205	205	225	232	322
peak1293	830	499	1152	544	171	208	263	306
peak1294	2968	2247	3045	2368	983	1037	1143	1533
peak1295	921	639	1171	709	183	195	294	353
peak1296	280	158	310	120	120	115	114	132
peak1297	598	472	1044	384	193	283	308	434
peak1298	425	334	587	456	167	197	205	295
peak1299	350	299	406	256	225	269	232	339
peak1300	295	243	413	258	190	228	269	351
peak1301	1243	914	1070	729	418	454	532	674
peak1302	2369	1706	2335	819	895	904	698	780
peak1303	328	228	234	149	144	146	109	125
peak1304	73	59	356	237	66	66	185	224
peak1305	11047	7553	13618	14267	4381	4035	5960	8022
peak1306	38384	26779	23102	19061	11011	11137	13343	13837
peak1307	1196	799	1434	594	494	461	381	376
peak1308	5050	3019	5237	2795	1768	1848	1986	2438
peak1309	59	32	150	74	56	58	108	128
peak1310	436	306	530	318	145	130	160	231
peak1311	1247	867	643	788	336	336	306	414
peak1312	4675	3448	3229	2158	1316	1534	1632	1908
peak1313	782	713	1507	496	347	357	303	421
peak1314	1898	1377	2438	1090	784	859	682	813
peak1315	824	492	859	386	235	243	247	313
peak1316	344	217	543	285	269	251	329	402
peak1317	349	238	270	149	162	129	121	185
peak1318	165	131	258	132	63	90	95	103
peak1319	1746	1196	3358	1870	1018	917	1186	1369
peak1320	1113	650	1068	533	424	374	395	462
peak1321	319	195	259	184	160	138	159	210
peak1322	1831	1313	1939	1126	610	663	757	856
peak1323	2368	1713	2319	1868	654	756	927	1118
peak1324	911	767	673	645	461	497	563	711
peak1325	6815	4492	8821	5327	2307	2470	3172	3735
peak1326	432	291	473	189	209	195	128	136
peak1327	1832	1237	2911	1577	548	517	736	875
peak1328	400	262	498	208	154	151	152	199
peak1329	314	198	346	217	143	145	131	171
peak1330	4966	3749	3152	2070	1911	2003	2124	2300
peak1331	4845	3055	7113	4117	1723	1684	1822	2134
peak1332	219	159	273	144	139	117	143	201
peak1333	667	478	938	446	138	158	155	195
peak1334	954	606	972	615	162	158	207	265
peak1335	44325	29131	26351	15448	22520	21277	17208	18363
peak1336	339	241	653	237	160	151	217	321
peak1337	403	262	547	315	151	152	238	305
peak1338	1766	1229	2817	1410	702	694	867	964
peak1339	766	480	491	387	250	268	159	210
peak1340	449	323	432	306	172	159	204	248
peak1341	91	99	161	102	64	66	84	91
peak1342	434	282	458	236	180	223	187	199
peak1343	2636	1608	2144	1472	895	802	879	955
peak1344	13236	8692	53476	42682	8338	6274	20745	24323
peak1345	162	94	278	104	31	38	49	54
peak1346	265	264	314	204	112	133	190	214
peak1347	6094	4126	7438	3715	2049	2009	2352	2517
peak1348	158	159	146	260	41	54	94	120
peak1349	78	58	190	90	22	26	24	40
peak1350	805	518	1121	871	350	395	590	781
peak1351	481	394	299	196	171	175	179	182
peak1352	140	138	234	238	76	76	189	303
peak1353	973	570	1716	714	304	317	439	531
peak1354	530	323	748	291	379	402	369	466
peak1355	2134	1507	3220	1637	603	550	798	1077
peak1356	5435	3608	6748	4381	1531	1437	2259	2601
peak1357	20367	13016	9339	8069	5813	5950	2983	3709
peak1358	28617	18227	21930	15899	7883	7396	6939	8379
peak1359	283	153	250	201	109	108	135	129
peak1360	701	458	804	508	379	366	438	528
peak1361	605	374	295	330	200	191	175	210
peak1362	153	104	192	59	45	44	46	73
peak1363	206	142	275	180	104	103	147	228
peak1364	2667	1827	1894	1649	985	1089	903	1152
peak1365	1133	821	1079	726	398	434	487	519
peak1366	1187	851	1159	1020	364	438	538	754
peak1367	1084	714	1168	788	387	410	529	609
peak1368	2088	1358	2738	1541	870	846	983	1119
peak1369	152	119	285	134	60	56	53	80
peak1370	349	269	390	331	84	102	162	192
peak1371	501	402	995	444	198	197	195	232
peak1372	294	211	390	230	140	146	192	255
peak1373	319	219	145	130	93	119	101	147
peak1374	2352	1504	1361	1021	582	616	535	677
peak1375	1369	883	2079	884	596	521	578	737
peak1376	551	328	650	352	229	238	200	268
peak1377	497	312	503	386	276	259	293	406
peak1378	421	288	233	244	227	258	204	306
peak1379	231	178	330	212	90	100	104	143
peak1380	765	416	770	469	276	276	345	363
peak1381	943	617	1131	478	373	368	432	431
peak1382	1873	1136	2303	1509	585	619	771	935
peak1383	192	153	304	119	119	121	98	103
peak1384	835	583	1073	695	405	359	471	583
peak1385	2521	1685	5687	2475	918	906	1612	1965
peak1386	3610	2382	3337	2013	1224	1159	1602	1793
peak1387	824	605	1237	1002	319	326	518	535
peak1388	1356	873	1323	796	500	498	589	679
peak1389	697	497	1010	528	319	293	313	446
peak1390	942	649	1346	787	391	417	513	729
peak1391	169	156	233	335	76	91	194	263
peak1392	345	299	353	295	118	117	189	219
peak1393	672	481	1011	539	323	289	406	396
peak1394	676	466	1094	550	328	295	331	404
peak1395	1218	865	1677	788	527	518	705	800
peak1396	2188	1463	1874	1132	1068	1004	1296	1310
peak1397	1867	1164	1295	865	962	1184	837	1203
peak1398	812	503	1268	886	323	279	413	487
peak1399	683	469	592	412	293	236	272	382
peak1400	929	631	964	660	499	413	607	760
peak1401	1510	920	1780	864	766	769	728	932
peak1402	85	68	135	86	37	31	62	104
peak1403	370	240	393	209	109	103	128	157
peak1404	478	308	715	548	215	215	330	385
peak1405	1918	1358	3395	1562	1091	1163	1240	1516
peak1406	797	636	715	576	463	411	431	598
peak1407	96	104	144	180	43	54	119	173
peak1408	1336	844	1723	804	1013	811	998	1234
peak1409	908	707	893	712	350	360	418	520
peak1410	2889	1990	3790	2161	1090	1147	1255	1603
peak1411	106	106	202	112	91	96	74	113
peak1412	151	108	446	139	23	27	26	30
peak1413	661	485	977	569	351	375	417	528
peak1414	1207	775	2066	1133	527	521	779	900
peak1415	447	338	462	308	152	167	168	196
peak1416	155	119	460	329	75	63	221	268
peak1417	1227	855	1568	825	444	475	598	849
peak1418	109	99	183	69	62	66	86	125
peak1419	1365	870	845	619	428	474	400	482
peak1420	1292	854	1286	717	398	408	423	600
peak1421	612	406	721	288	261	237	255	329
peak1422	4811	4076	4781	3253	1690	1744	1640	1859
peak1423	487	415	1276	568	251	278	298	383
peak1424	127	101	234	88	144	134	65	100
peak1425	179	175	213	178	62	68	103	143
peak1426	840	534	1149	592	306	375	342	480
peak1427	172	142	241	123	53	45	78	98
peak1428	350	306	324	461	169	159	245	348
peak1429	413	263	380	231	96	90	111	127
peak1430	692	489	996	497	371	358	378	444
peak1431	173	155	305	220	57	95	188	213
peak1432	169	117	335	229	85	62	146	174
peak1433	2355	1572	2144	1128	744	810	804	902
peak1434	439	336	540	306	221	255	243	270
peak1435	616	407	935	539	295	282	418	466
peak1436	1414	971	1545	1109	439	417	454	524
peak1437	108	94	200	156	56	51	94	132
peak1438	335	206	536	345	181	179	345	396
peak1439	2342	1405	3156	1488	746	723	879	1057
peak1440	737	442	968	326	608	540	268	316
peak1441	800	488	841	276	652	644	201	273
peak1442	512	339	420	174	443	407	138	160
peak1443	391	283	511	140	325	304	91	150
peak1444	471	310	941	455	266	186	277	354
peak1445	151	96	236	101	100	103	54	76
peak1446	237	185	285	163	78	83	86	106
peak1447	49	33	104	42	41	32	22	29
peak1448	159	78	226	63	28	25	25	23
peak1449	908	569	563	496	231	227	265	253
peak1450	932	645	622	298	281	345	288	333
peak1451	1106	792	1751	922	422	455	528	643
peak1452	1459	1088	1422	722	515	537	447	564
peak1453	3038	2041	3290	1572	1617	1570	1167	1398
peak1454	5100	3494	6248	3256	1774	1592	2002	2486
peak1455	146	129	290	111	87	88	130	157
peak1456	257	198	754	239	180	175	277	327
peak1457	2769	1970	2462	1077	843	958	836	1013
peak1458	2478	1494	4756	1647	570	554	682	704
peak1459	100	73	159	65	56	37	35	26
peak1460	633	441	853	394	274	316	294	366
peak1461	523	411	435	232	236	252	201	275
peak1462	497	332	682	396	189	193	258	308
peak1463	382	276	524	258	140	150	151	187
peak1464	146	105	218	104	64	59	74	86
peak1465	317	214	452	150	170	143	157	180
peak1466	362	235	506	209	146	160	169	191
peak1467	900	610	1413	657	313	347	374	388
peak1468	85	76	261	190	47	34	104	136
peak1469	317	219	369	125	123	118	106	108
peak1470	243	151	234	133	52	56	64	101
peak1471	166	99	215	118	57	43	44	60
peak1472	479	319	682	265	164	168	155	190
peak1473	661	430	990	390	193	190	202	292
peak1474	824	575	837	576	253	248	360	377
peak1475	706	531	996	581	241	265	323	369
peak1476	910	665	1198	417	274	293	292	300
peak1477	1428	958	1979	833	602	659	700	788
peak1478	2536	1707	4073	2384	1048	1012	1324	1468
peak1479	1196	779	1602	1100	430	406	675	875
peak1480	3295	2228	4122	1800	1272	1325	1233	1574
peak1481	1399	833	2357	1041	561	526	671	826
peak1482	804	568	1059	843	262	285	342	410
peak1483	1734	1149	2705	1317	585	544	657	683
peak1484	288	211	460	225	185	182	252	299
peak1485	234	184	424	224	141	154	201	257
peak1486	136	166	262	273	53	43	78	175
peak1487	1662	1214	1606	1092	531	514	592	642
peak1488	521	364	568	339	201	197	216	246
peak1489	59	53	123	21	46	37	12	30
peak1490	78	67	131	33	66	69	11	20
peak1491	2546	1877	3260	1923	668	654	882	962
peak1492	45	24	83	42	22	23	13	16
peak1493	276	169	570	286	123	139	184	228
peak1494	278	183	393	202	65	86	94	115
peak1495	4367	3008	5555	2900	1164	1206	1516	1809
peak1496	1845	1538	1802	805	495	526	561	630
peak1497	5496	3965	8793	4305	1697	1821	2137	2715
peak1498	4750	3129	4749	2393	1224	1365	1279	1679
peak1499	6443	4289	5883	2999	1740	1822	1877	2346
peak1500	7390	4975	8044	4378	2284	2428	2245	2835
peak1501	4362	2891	5493	2630	1212	1367	1564	1879
peak1502	2370	1692	2210	1075	594	652	632	729
peak1503	2386	1815	2575	1669	750	874	800	1196
peak1504	4011	2678	5927	2837	1050	1194	1492	2002
peak1505	3567	2271	2650	1434	936	925	853	991
peak1506	2620	1811	1900	847	675	730	542	703
peak1507	1688	1001	2759	1458	694	657	781	876
peak1508	3688	2551	4232	2994	1314	1260	1885	2042
peak1509	3968	2349	5461	3297	1478	1279	2020	2008
peak1510	719	511	880	382	260	278	278	352
peak1511	647	536	328	320	267	307	355	471
peak1512	483	331	405	288	230	287	319	352
peak1513	561	435	882	464	304	277	416	506
peak1514	1839	1538	1476	757	1461	1545	651	820
peak1515	1022	702	804	549	476	544	528	663
peak1516	3388	2198	4901	1706	1359	1304	1307	1409
peak1517	12124	9221	11920	9834	3869	3966	4309	5288
peak1518	9306	6256	6835	4906	2605	2768	2785	3513
peak1519	206	153	355	196	60	78	79	88
peak1520	128	99	230	129	35	33	76	72
peak1521	403	286	435	263	212	187	128	193
peak1522	44	35	131	77	23	19	53	79
peak1523	582	456	979	488	272	267	306	378
peak1524	599	380	517	294	215	234	228	251
peak1525	439	391	530	643	84	90	210	261
peak1526	3455	2270	4183	2385	546	636	755	933
peak1527	911	792	1593	1432	158	179	440	459
peak1528	21306	14147	11787	6221	6880	6750	5194	5372
peak1529	21838	14402	12284	6309	6979	6951	5377	5384
peak1530	240	184	316	168	71	86	92	95
peak1531	499	391	845	235	259	242	155	188
peak1532	6521	4873	7770	5870	2908	2684	3646	4034
peak1533	150	106	265	103	147	151	130	159
peak1534	895	668	1294	669	356	372	389	433
peak1535	753	528	716	367	237	269	241	341
peak1536	4394	2901	5052	2564	1719	1707	1485	1709
peak1537	5558	4247	4432	2647	1874	2032	1995	2210
peak1538	6482	4444	9332	4715	2711	2541	2545	3063
peak1539	815	601	714	356	301	319	255	275
peak1540	497	348	483	325	202	193	191	261
peak1541	539	367	518	341	204	216	252	338
peak1542	26496	17940	15543	8203	9257	9886	7015	7925
peak1543	50312	34040	22804	11283	18266	19182	12773	14202
peak1544	247	179	243	132	96	98	100	126
peak1545	85	67	250	161	53	53	121	156
peak1546	284	240	337	213	193	192	207	232
peak1547	641	421	773	420	356	314	333	306
peak1548	71	50	158	146	46	31	95	134
peak1549	904	614	1133	644	429	438	424	567
peak1550	511	380	1011	417	266	270	333	451
peak1551	884	623	1269	582	571	548	437	538
peak1552	676	545	1048	662	352	326	522	651
peak1553	135	108	156	150	85	66	90	144
peak1554	637	421	443	283	151	169	154	181
peak1555	2698	1977	3061	1591	1374	1519	1202	1404
peak1556	105	91	206	109	40	39	63	79
peak1557	42	42	129	55	39	48	43	72
peak1558	771	464	1123	360	358	337	352	313
peak1559	1580	912	1172	788	738	594	526	603
peak1560	787	594	1025	687	238	278	384	372
peak1561	1490	841	1185	620	454	422	410	424
peak1562	1582	1287	3340	850	1133	1072	374	580
peak1563	149	108	135	111	54	73	84	98
peak1564	2412	1684	3570	1560	826	930	946	1233
peak1565	2295	1478	3322	1226	791	880	951	1156
peak1566	305	215	551	283	171	154	292	354
peak1567	2245	1457	2426	830	747	839	613	734
peak1568	661	476	819	448	332	358	432	501
peak1569	61	55	105	63	44	35	69	96
peak1570	484	357	532	346	208	217	232	315
peak1571	555	415	937	720	62	95	141	167
peak1572	2282	1832	1814	1526	1083	1318	1511	1843
peak1573	1640	1279	930	643	768	871	727	847
peak1574	6008	4029	6775	4187	2581	2869	3383	4022
peak1575	1851	1133	2337	1080	580	588	706	794
peak1576	1422	918	1459	760	606	598	691	825
peak1577	879	584	1247	950	288	318	467	631
peak1578	366	248	693	293	169	190	182	222
peak1579	287	197	604	245	134	102	151	161
peak1580	2358	1356	3554	2054	936	834	1262	1382
peak1581	1044	728	1584	809	651	661	610	819
peak1582	755	526	926	529	460	435	525	613
peak1583	268	162	293	159	110	124	119	179
peak1584	835	571	990	557	274	313	336	400
peak1585	914	585	1338	656	300	266	296	362
peak1586	594	431	644	356	177	231	232	256
peak1587	224	161	317	210	112	102	163	218
peak1588	867	631	1010	537	359	358	405	444
peak1589	89	85	250	100	21	33	25	33
peak1590	417	330	667	358	188	165	232	250
peak1591	1341	946	1110	689	411	451	482	601
peak1592	297	196	449	170	200	221	244	336
peak1593	115	76	196	123	53	59	60	120
peak1594	160	122	302	205	52	44	143	153
peak1595	327	337	416	356	232	208	349	526
peak1596	910	729	2447	1238	392	358	459	758
peak1597	1208	832	1295	738	577	552	613	698
peak1598	503	508	339	279	197	300	291	414
peak1599	373	297	419	303	156	161	283	293
peak1600	721	486	786	528	209	197	282	334
peak1601	723	467	805	302	197	200	160	206
peak1602	209	133	284	157	75	96	86	110
peak1603	1673	1107	2052	1099	602	588	588	660
peak1604	146	117	226	162	38	65	107	133
peak1605	3316	2098	3859	2040	1235	1264	1272	1437
peak1606	2081	1295	1803	961	726	740	648	776
peak1607	230	172	331	244	109	103	155	202
peak1608	330	241	800	1052	203	138	431	511
peak1609	212	115	310	173	83	89	92	114
peak1610	1169	782	2306	954	491	472	533	602
peak1611	1829	1318	1336	729	592	576	591	642
peak1612	59	57	147	56	39	36	66	74
peak1613	134	90	237	76	72	91	104	125
peak1614	949	631	1176	510	403	414	362	473
peak1615	778	581	593	576	425	412	401	608
peak1616	73	65	147	67	24	33	68	96
peak1617	1479	966	2140	1169	458	445	525	648
peak1618	389	260	398	230	117	123	137	161
peak1619	520	303	746	337	183	191	210	262
peak1620	98	73	254	96	61	45	53	64
peak1621	231	212	307	109	121	94	108	136
peak1622	121	86	168	60	13	12	22	19
peak1623	1043	758	1072	745	420	364	416	492
peak1624	1141	787	1025	591	510	420	505	497
peak1625	761	697	2250	1240	315	279	670	1013
peak1626	4880	3218	6000	3322	1508	1513	1797	2073
peak1627	5833	3668	5116	3283	1483	1561	1390	1640
peak1628	801	583	1031	505	312	297	346	396
peak1629	138	107	277	188	58	59	97	142
peak1630	744	442	853	406	235	252	268	347
peak1631	1674	990	2747	1186	602	566	738	826
peak1632	16777	10660	12732	14122	6032	6119	8561	9146
peak1633	483	376	504	397	217	250	243	322
peak1634	383	272	865	474	173	193	406	463
peak1635	783	556	793	564	300	331	429	475
peak1636	3854	2580	4187	2762	975	1044	1349	1635
peak1637	6040	4175	4464	4026	1378	1455	2055	2443
peak1638	98	72	150	70	45	59	39	53
peak1639	4665	3251	7388	4045	1395	1398	1706	2151
peak1640	986	682	1136	611	518	526	601	692
peak1641	384	319	610	430	139	163	283	361
peak1642	291	197	492	219	128	140	140	172
peak1643	3658	2226	5265	2540	1611	1463	1549	1757
peak1644	554	375	655	258	253	243	264	299
peak1645	437	325	448	293	177	171	213	261
peak1646	554	448	551	338	333	395	386	479
peak1647	208	131	343	137	140	138	125	158
peak1648	5674	3839	6392	3773	1842	1857	1642	1870
peak1649	802	608	727	490	255	274	253	303
peak1650	401	256	446	258	208	259	275	354
peak1651	588	394	995	505	184	212	291	327
peak1652	1198	764	1321	602	363	398	395	471
peak1653	1009	752	1136	606	343	358	363	447
peak1654	2638	1829	2935	2213	1028	1083	1488	1919
peak1655	3622	2386	4354	2582	1469	1487	1986	2509
peak1656	74	56	115	52	47	55	37	51
peak1657	4523	2884	7229	3158	1015	1005	1323	1625
peak1658	4762	3424	7082	3301	1032	1213	1558	1854
peak1659	3169	2084	1627	883	614	651	465	548
peak1660	4848	3279	4622	2831	1206	1144	1359	1597
peak1661	1596	969	1578	787	593	629	666	800
peak1662	1411	967	1673	784	346	388	360	432
peak1663	403	323	639	309	129	146	191	226
peak1664	367	276	254	194	113	119	163	213
peak1665	792	512	531	372	242	280	312	292
peak1666	2189	1711	3055	1683	538	572	914	1043
peak1667	2510	1771	2063	1786	641	595	736	929
peak1668	354	295	869	773	146	178	371	483
peak1669	669	480	557	354	308	285	336	423
peak1670	20869	13121	15660	8272	41978	39557	28542	31763
peak1671	466	381	1366	779	203	210	415	551
peak1672	1689	1345	2556	1222	753	808	1039	1176
peak1673	212	141	302	250	75	71	86	149
peak1674	542	456	848	407	323	371	424	473
peak1675	243	196	413	311	145	213	294	350
peak1676	71	47	154	66	27	42	54	70
peak1677	171	168	296	136	67	66	109	106
peak1678	598	425	606	280	226	182	206	232
peak1679	572	372	656	244	207	214	211	247
peak1680	249	179	373	228	115	96	181	216
peak1681	657	538	1617	573	369	429	519	686
peak1682	291	206	742	432	114	143	328	474
peak1683	1084	778	584	289	354	395	269	310
peak1684	1611	1073	2351	1624	503	561	818	1141
peak1685	164	105	380	297	102	82	190	242
peak1686	819	489	1585	662	361	412	414	582
peak1687	1227	719	1125	771	535	605	664	866
peak1688	1413	1145	1217	726	483	533	586	745
peak1689	4252	3140	4874	2961	1461	1726	1916	2389
peak1690	252	162	275	169	137	154	170	207
peak1691	119	106	202	118	64	61	129	142
peak1692	1921	1065	1488	848	895	941	946	1054
peak1693	557	350	829	267	266	230	138	212
peak1694	511	331	500	465	237	251	414	517
peak1695	402	294	827	241	134	136	125	145
peak1696	769	569	614	400	269	246	269	298
peak1697	1068	782	1428	739	396	367	521	561
peak1698	1767	1273	2489	1186	715	664	698	780
peak1699	1883	1347	3166	1485	650	654	796	935
peak1700	589	407	1142	437	234	267	304	375
peak1701	602	440	718	638	406	414	631	788
peak1702	598	391	593	282	340	308	268	415
peak1703	903	486	1134	716	433	366	609	731
peak1704	2175	1478	1585	1320	1215	1199	987	1257
peak1705	179	147	446	103	222	191	106	150
peak1706	317	227	467	185	200	173	135	187
peak1707	344	249	706	272	217	228	160	196
peak1708	187	152	290	91	39	56	83	86
peak1709	891	589	1588	674	260	272	306	377
peak1710	1035	659	1336	588	319	340	388	485
peak1711	510	444	411	294	163	150	144	162
peak1712	2264	1563	2532	1469	819	867	941	1056
peak1713	3283	2091	3985	3113	1147	1177	1486	1927
peak1714	1483	1024	1553	832	503	523	482	688
peak1715	166	106	444	283	74	73	129	163
peak1716	667	445	782	559	313	270	311	316
peak1717	786	575	515	388	241	301	331	414
peak1718	1198	766	950	739	411	425	389	491
peak1719	590	384	896	322	238	279	244	346
peak1720	226	165	803	189	97	114	139	180
peak1721	761	739	555	701	344	440	516	749
peak1722	2034	1728	3951	4211	665	756	2019	2872
peak1723	288	217	406	237	107	110	80	107
peak1724	317	182	475	246	137	155	198	270
peak1725	87	81	138	97	38	43	61	80
peak1726	46	49	137	129	28	29	111	144
peak1727	83	57	184	184	50	35	88	137
peak1728	292	235	359	174	93	114	125	161
peak1729	211	147	395	157	94	102	107	118
peak1730	12256	7872	2639	3372	4048	3898	1646	2020
peak1731	583	354	1103	489	245	232	333	328
peak1732	1040	710	1213	566	279	270	334	370
peak1733	232	198	349	175	113	115	147	175
peak1734	374	249	281	308	162	173	203	254
peak1735	783	513	1155	690	331	303	395	438
peak1736	350	211	624	253	155	167	197	263
peak1737	507	349	781	472	359	360	541	655
peak1738	1050	760	1990	1036	466	537	658	839
peak1739	660	497	821	543	265	316	403	586
peak1740	4945	3067	8264	5520	5618	5331	9792	10532
peak1741	6928	4538	16142	6836	8094	8094	12572	13638
peak1742	6761	4224	6886	3103	7031	7494	7316	8472
peak1743	1988	1298	1860	1480	1943	1906	2044	2427
peak1744	179	130	260	146	699	598	779	1049
peak1745	1256	788	1702	1034	354	399	421	565
peak1746	413	245	341	208	139	158	159	207
peak1747	448	404	1074	677	192	238	383	542
peak1748	7938	5923	16222	7817	3201	3559	4820	6138
peak1749	5302	2975	6603	2601	1879	1795	1974	2300
peak1750	578	387	1052	476	233	209	306	300
peak1751	67	65	187	105	53	70	100	116
peak1752	5695	3622	3261	6915	2052	2120	4965	5670
peak1753	1399	896	1874	975	581	604	771	962
peak1754	248	149	294	188	83	98	126	148
peak1755	472	307	556	280	266	268	318	388
peak1756	1939	1204	1986	1158	479	505	583	660
peak1757	1904	1402	3929	2314	1305	1165	1218	1628
peak1758	807	587	743	403	410	433	345	396
peak1759	6405	4840	6726	4375	3133	2868	3026	3240
peak1760	3144	1911	1951	1897	601	588	627	718
peak1761	1347	1033	2117	1129	378	396	355	484
peak1762	1583	1121	1292	977	535	537	495	580
peak1763	117	99	296	119	89	92	107	128
peak1764	373	317	410	245	150	204	175	284
peak1765	1043	647	2090	654	385	350	378	483
peak1766	505	353	659	322	208	197	251	251
peak1767	1408	1205	1478	1431	1001	1234	1633	2260
peak1768	1535	1202	1570	666	938	1244	997	1186
peak1769	11037	7254	16185	9052	7561	7934	9239	11404
peak1770	16418	11131	25051	12804	11468	11642	13244	16047
peak1771	519	391	754	294	157	187	176	203
peak1772	775	592	426	359	196	220	255	295
peak1773	652	393	612	427	140	132	188	233
peak1774	64152	44429	66415	42891	16978	18016	20396	23305
peak1775	4971	3748	3836	2114	1408	1574	1336	1635
peak1776	20704	15504	9861	4913	5390	5835	3694	4233
peak1777	4352	3348	2417	2086	1272	1195	1301	1506
peak1778	262	187	269	152	121	115	143	190
peak1779	2615	2001	2798	2150	884	847	1164	1395
peak1780	124	82	151	79	56	65	78	86
peak1781	4941	3379	5349	3165	1497	1727	1752	2289
peak1782	2557	1870	3738	1863	826	864	1007	1106
peak1783	1583	1255	948	621	534	586	425	460
peak1784	1715	1294	1540	909	563	630	655	797
peak1785	321	247	419	233	182	168	170	220
peak1786	1216	806	895	442	345	327	296	342
peak1787	277	260	443	388	101	115	221	319
peak1788	1197	739	1456	781	435	427	511	592
peak1789	1470	988	2327	1094	469	492	544	681
peak1790	1200	737	1842	737	375	390	426	557
peak1791	225	149	216	79	60	62	58	62
peak1792	552	398	719	385	277	275	319	381
peak1793	1662	1124	1225	762	580	560	472	557
peak1794	1785	1170	2366	1592	579	613	843	1069
peak1795	899	521	1219	513	348	331	371	404
peak1796	397	256	634	349	110	91	167	176
peak1797	492	314	493	283	153	157	171	205
peak1798	450	316	658	390	199	185	268	290
peak1799	56	39	165	85	33	25	61	80
peak1800	394	391	1015	988	155	170	465	663
peak1801	1369	970	1336	1303	481	502	746	919
peak1802	1106	733	1316	466	376	376	354	477
peak1803	182	153	404	246	105	82	177	270
peak1804	17386	11710	9175	7866	5251	5683	5661	7140
peak1805	20542	13794	21702	16009	7345	7273	9102	10639
peak1806	152	107	233	143	94	95	113	167
peak1807	153	84	332	181	312	318	745	933
peak1808	3498	2438	4808	2473	4654	4834	6509	8065
peak1809	3565	2208	3776	1890	4441	4645	5877	7245
peak1810	4753	3184	7275	3458	7941	7786	8594	10926
peak1811	4751	3331	3708	1556	7796	7681	5533	6417
peak1812	335	262	425	286	148	160	300	338
peak1813	268	172	395	202	142	158	169	233
peak1814	1682	1081	1724	1347	517	495	701	827
peak1815	240	147	238	136	167	185	205	266
peak1816	720	566	1258	765	280	264	479	548
peak1817	826	477	817	367	449	382	272	359
peak1818	436	332	733	388	240	218	292	353
peak1819	737	477	621	418	338	371	312	401
peak1820	817	551	539	426	222	198	248	277
peak1821	794	637	528	329	166	225	236	262
peak1822	549	380	718	555	318	331	493	652
peak1823	472	366	896	387	258	305	382	455
peak1824	1002	276	894	171	126	128	106	91
peak1825	1583	251	2492	384	107	112	160	159
peak1826	216	181	254	157	148	149	140	189
peak1827	406	274	469	385	130	109	167	219
peak1828	355	222	443	317	166	171	188	232
peak1829	3519	2441	3835	1380	1382	1447	1252	1453
peak1830	3551	2348	3497	1503	1413	1394	1171	1269
peak1831	182	154	293	97	135	121	145	154
peak1832	35730	25173	49939	24067	12166	12692	14822	18399
peak1833	22612	15273	38515	8775	7744	7699	6508	7681
peak1834	6911	4855	36437	5052	3334	2995	3567	3962
peak1835	34185	24316	11126	9547	10000	9876	6908	7347
peak1836	436	331	493	328	226	233	256	290
peak1837	290	182	369	279	116	126	216	303
peak1838	759	462	1392	553	306	314	403	471
peak1839	6186	4590	6879	4084	2330	2580	2745	3574
peak1840	8835	5845	7338	3797	3022	3232	3102	3615
peak1841	5928	3653	4621	2775	1741	1828	2216	2462
peak1842	10688	7161	9430	5165	3752	3733	4024	4626
peak1843	325	255	413	256	131	126	172	259
peak1844	554	404	517	398	207	212	273	378
peak1845	190	153	575	404	107	71	182	241
peak1846	1163	720	1042	710	344	297	330	360
peak1847	505	200	523	388	265	288	418	478
peak1848	616	497	645	352	234	235	287	384
peak1849	817	575	744	503	386	460	406	545
peak1850	314	275	458	287	203	175	201	237
peak1851	777	549	893	532	320	293	346	467
peak1852	1362	779	1859	1091	502	486	621	771
peak1853	750	497	1027	741	274	317	477	627
peak1854	38240	25985	39319	17254	10243	10135	9967	11168
peak1855	20501	14630	15104	9205	5604	5716	5494	6124
peak1856	1756	1117	2147	756	623	663	609	753
peak1857	434	244	420	187	194	205	169	183
peak1858	333	263	308	198	146	139	168	173
peak1859	1857	1197	2149	984	719	759	792	875
peak1860	25030	18144	19851	17649	9305	9210	12001	13195
peak1861	31682	20480	44861	19035	12144	12274	15805	18152
peak1862	37974	26431	36847	14722	13505	14799	14056	16608
peak1863	22126	15787	37590	19769	9953	10224	13102	17183
peak1864	40952	30413	22034	21860	14663	14773	16970	18654
peak1865	66003	42765	61295	37113	23249	24253	30367	36822
peak1866	41748	29433	62702	26688	17682	18138	19085	23576
peak1867	2420	1761	1291	880	984	983	732	735
peak1868	754	556	613	658	272	269	345	458
peak1869	264	144	377	168	1689	1600	1883	2407
peak1870	1928	1274	2110	1410	524	543	803	818
peak1871	4496	3346	5719	3768	1435	1499	1859	2410
peak1872	4934	3267	4910	2567	1460	1561	1641	2085
peak1873	2438	1708	3762	1974	791	845	1158	1437
peak1874	2301	1707	2467	1650	695	741	830	1103
peak1875	4873	3354	5388	2239	1433	1586	1451	1795
peak1876	3131	2030	4260	2406	1536	1343	1683	2100
peak1877	2479	1730	1620	1243	941	996	1081	1115
peak1878	5516	3206	4053	3174	1928	1788	2383	2648
peak1879	346	218	314	229	121	119	136	189
peak1880	455	350	956	428	146	152	217	277
peak1881	210	125	330	141	67	68	58	79
peak1882	1202	771	1702	1068	423	434	568	735
peak1883	1179	784	1196	684	358	396	478	582
peak1884	306	228	460	366	219	208	346	462
peak1885	1922	1496	2344	2080	975	1034	1509	1801
peak1886	18448	12055	17034	11837	4805	4934	5201	5924
peak1887	8600	5964	8053	4662	2302	2271	2562	3125
peak1888	3649	2441	2371	1779	865	889	1013	1191
peak1889	9383	6494	13093	4998	2813	2607	2861	3444
peak1890	5175	3683	3169	1797	1124	1248	868	983
peak1891	7641	5386	4385	3647	1484	1585	1490	1862
peak1892	11588	8015	17397	14574	3983	3937	6421	7374
peak1893	4689	3430	2168	1973	1513	1673	1623	1873
peak1894	9600	6544	9445	5594	3126	3202	3584	4711
peak1895	438	298	593	358	228	178	254	273
peak1896	2441	1733	2134	1389	1036	1045	1319	1433
peak1897	594	489	1837	1724	435	330	862	960
peak1898	2065	1280	2210	1464	688	671	849	980
peak1899	9108	5774	8869	5433	2459	2340	2829	3184
peak1900	112	68	149	49	23	27	37	61
peak1901	299	181	457	409	120	128	268	305
peak1902	2277	1658	2412	2367	908	916	1167	1387
peak1903	1717	1343	1617	914	632	767	746	835
peak1904	243	153	357	124	107	76	103	137
peak1905	401	269	460	239	160	170	201	252
peak1906	705	456	695	368	294	311	294	376
peak1907	488	382	644	379	216	234	211	268
peak1908	305	220	540	421	178	174	234	261
peak1909	515	389	1261	785	219	211	373	485
peak1910	5492	3994	8354	3024	1463	1532	1598	1811
peak1911	142	105	220	50	55	67	60	61
peak1912	363	301	520	271	118	161	190	253
peak1913	325	272	437	326	92	127	210	241
peak1914	849	623	971	638	290	281	336	413
peak1915	191	127	232	128	91	90	85	105
peak1916	905	610	1080	678	370	317	398	438
peak1917	348	267	472	434	1050	1034	1782	2557
peak1918	1678	1262	1497	587	772	778	700	794
peak1919	210	247	451	236	113	121	194	232
peak1920	190	137	231	92	162	161	148	180
peak1921	1737	1220	3232	1606	699	698	764	981
peak1922	331	241	464	293	156	144	163	222
peak1923	781	509	877	560	264	238	391	447
peak1924	881	562	586	619	374	330	498	589
peak1925	960	579	1608	822	245	247	409	466
peak1926	1295	867	1748	736	421	461	496	568
peak1927	428	252	631	301	141	154	220	258
peak1928	1726	1116	2932	1606	648	675	949	1144
peak1929	292	200	584	555	113	119	382	543
peak1930	18623	12618	18176	11976	4259	4465	4627	5463
peak1931	22691	13826	25985	16880	5166	4876	7262	8115
peak1932	18531	13566	5944	5276	3719	3920	3302	3516
peak1933	341	229	422	328	150	149	264	370
peak1934	545	420	1140	606	295	304	371	417
peak1935	1243	883	1235	811	474	428	541	626
peak1936	67	46	343	193	23	16	78	122
peak1937	322	268	561	385	127	163	238	330
peak1938	1802	1208	2483	1576	761	671	827	939
peak1939	312	248	349	208	101	149	143	198
peak1940	789	499	577	393	250	248	253	336
peak1941	300	189	524	285	138	148	134	195
peak1942	465	371	1246	518	225	215	458	591
peak1943	705	593	756	770	281	323	546	869
peak1944	865	578	889	370	308	350	313	395
peak1945	457	314	707	278	175	194	188	248
peak1946	292	282	487	316	75	96	172	223
peak1947	4920	3657	6724	2925	2341	2326	2349	2780
peak1948	4632	3108	4793	2233	1993	2087	2141	2280
peak1949	791	659	1376	603	357	320	411	535
peak1950	270	156	341	225	130	138	195	239
peak1951	2542	1739	2099	1483	748	840	897	1084
peak1952	102	83	264	159	47	30	79	122
peak1953	1129	789	1567	1191	418	352	532	674
peak1954	113	87	224	114	53	54	58	80
peak1955	9766	4435	13902	7563	3736	3066	7725	8383
peak1956	464	300	590	257	192	205	206	251
peak1957	540	376	475	451	250	247	275	332
peak1958	3480	2155	5599	2468	1261	1208	1219	1490
peak1959	1916	1317	2744	1076	682	721	693	854
peak1960	2847	1943	1996	1640	838	965	990	1233
peak1961	194	137	241	98	111	124	112	115
peak1962	692	410	721	406	233	220	212	277
peak1963	2080	1486	2449	1244	799	871	1009	1098
peak1964	131	102	268	126	70	63	68	103
peak1965	446	353	343	195	150	174	98	135
peak1966	275	173	310	173	87	106	88	116
peak1967	866	559	1228	552	336	315	349	448
peak1968	1286	879	1332	944	436	441	585	731
peak1969	564	344	668	338	193	246	210	272
peak1970	57	44	137	64	18	19	38	44
peak1971	793	649	1866	1001	279	320	559	716
peak1972	446	303	704	335	198	264	270	341
peak1973	294	202	531	217	154	138	143	177
peak1974	199	206	302	113	94	125	106	138
peak1975	91	96	86	64	36	57	84	111
peak1976	64647	46341	61279	37326	12794	13882	13815	16433
peak1977	137919	98937	65305	41733	25803	29082	20091	23965
peak1978	75170	49625	177463	85921	17461	17314	28348	33496
peak1979	444	610	809	602	183	207	204	290
peak1980	176	137	330	189	72	88	141	179
peak1981	139	107	208	109	53	79	100	126
peak1982	330	229	519	294	175	181	195	209
peak1983	149	124	184	160	37	64	94	98
peak1984	720	471	1276	622	294	300	425	480
peak1985	1558	1021	1908	1027	594	551	789	846
peak1986	594	467	677	343	212	216	200	282
peak1987	897	638	1043	446	412	399	365	427
peak1988	1391	934	1657	1020	606	633	604	738
peak1989	1426	956	1209	719	407	441	444	514
peak1990	3113	2190	4433	2272	926	923	1130	1307
peak1991	291	175	355	168	79	83	54	95
peak1992	1101	726	1732	891	389	329	417	504
peak1993	956	573	861	451	311	262	281	320
peak1994	514	352	525	310	159	189	151	227
peak1995	743	406	824	423	211	241	237	295
peak1996	506	332	608	386	145	182	210	223
peak1997	299	286	240	255	80	107	216	275
peak1998	1725	1308	1972	2122	463	441	682	820
peak1999	9932	6643	13663	7215	2636	2583	3120	3703
peak2000	341	233	426	235	95	98	112	128
peak2001	215	120	362	180	89	80	52	60
peak2002	880	557	2311	757	294	315	333	393
peak2003	48	44	120	38	38	36	33	40
peak2004	4058	2701	3797	2534	986	1111	1409	1587
peak2005	703	393	1321	1735	225	189	522	690
peak2006	787	532	912	521	261	244	281	348
peak2007	87	55	156	75	29	27	46	65
peak2008	367	265	252	303	165	171	151	201
peak2009	234	178	519	254	171	179	364	493
peak2010	262	165	314	257	173	194	303	425
peak2011	1133	759	1270	773	313	328	426	458
peak2012	753	538	478	317	296	275	185	237
peak2013	62	82	125	117	65	52	121	174
peak2014	238	162	324	190	127	123	150	172
peak2015	44	49	79	173	39	17	110	170
peak2016	1322	919	1314	1001	580	543	712	864
peak2017	1003	642	1042	567	279	298	296	358
peak2018	294	209	440	266	94	90	140	142
peak2019	216	160	201	172	98	96	118	125
peak2020	240	174	463	230	158	162	221	235
peak2021	227	168	402	213	103	124	168	211
peak2022	237	161	228	140	103	97	90	111
peak2023	411	276	450	277	206	202	180	177
peak2024	1147	791	1053	552	376	404	349	427
peak2025	457	270	561	461	351	308	504	598
peak2026	232	148	304	127	84	93	93	136
peak2027	1087	798	2048	1293	394	418	638	809
peak2028	43894	28133	57129	25036	13780	13534	13090	15187
peak2029	245	203	341	232	135	118	155	147
peak2030	1270	865	1802	1025	454	472	655	836
peak2031	16818	11337	16327	10634	6457	6594	8936	10516
peak2032	183	111	282	153	90	81	110	117
peak2033	322	262	656	582	190	196	369	379
peak2034	204	181	367	180	75	78	78	127
peak2035	316	210	462	153	119	129	107	122
peak2036	291	268	491	176	126	128	125	151
peak2037	287	239	311	212	100	134	121	160
peak2038	545	351	691	379	185	195	180	272
peak2039	824	560	793	733	315	326	360	425
peak2040	181	159	331	251	104	97	179	217
peak2041	8623	5785	6764	5237	2307	2328	2805	3361
peak2042	581	411	669	501	262	304	358	478
peak2043	2320	1548	1514	947	732	796	641	768
peak2044	2358	1694	2176	2006	639	746	1020	1340
peak2045	2134	1472	1794	911	577	661	549	688
peak2046	95	66	180	124	55	59	117	159
peak2047	450	330	524	220	159	173	186	198
peak2048	146	123	310	101	91	92	114	127
peak2049	121	90	174	93	68	83	79	110
peak2050	671	462	653	362	277	269	300	359
peak2051	1139	995	1558	1211	351	463	699	809
peak2052	732	511	1931	976	200	237	561	656
peak2053	1662	1154	1733	869	601	612	587	771
peak2054	944	665	1727	1063	194	197	275	311
peak2055	439	381	314	310	164	223	261	411
peak2056	108	111	253	171	81	89	112	147
peak2057	127	102	229	114	85	77	103	122
peak2058	192	178	239	160	65	80	91	121
peak2059	187	144	459	260	110	124	262	295
peak2060	475	334	1201	371	299	266	180	243
peak2061	63	34	134	68	32	32	31	41
peak2062	91	54	150	49	37	39	23	26
peak2063	609	403	500	337	215	196	189	249
peak2064	234	161	321	154	106	126	139	167
peak2065	197	115	301	124	102	98	105	155
peak2066	1761	1251	1979	1238	738	700	713	981
peak2067	1016	734	1160	754	322	281	427	465
peak2068	429	343	646	381	183	167	233	303
peak2069	1417	1027	2004	1255	529	556	665	745
peak2070	409	288	476	271	146	144	215	279
peak2071	1092	770	2065	869	456	491	562	686
peak2072	2054	1402	1910	853	1114	1295	855	1118
peak2073	523	393	672	408	396	418	470	619
peak2074	517	388	564	271	191	176	198	257
peak2075	393	208	503	193	116	144	156	176
peak2076	254	200	245	173	88	108	120	145
peak2077	4280	3113	3763	1924	1674	1716	1280	1562
peak2078	2062	1610	1104	1384	664	725	875	1105
peak2079	1627	1228	743	963	488	534	686	974
peak2080	2273	1576	2421	1099	1203	1277	994	1271
peak2081	719	556	628	475	292	394	476	560
peak2082	835	529	737	364	254	225	179	253
peak2083	2556	1728	1900	1063	1597	1798	1194	1587
peak2084	370	236	367	223	169	167	195	250
peak2085	249	185	488	203	100	111	143	168
peak2086	2053	1389	1809	1227	791	889	768	970
peak2087	1223	875	1882	872	843	703	580	667
peak2088	14069	9128	16037	15212	5942	5657	9938	11252
peak2089	695	512	396	478	249	267	245	367
peak2090	66	50	115	73	29	38	55	87
peak2091	183	145	407	180	91	79	103	99
peak2092	588	387	921	738	193	182	365	458
peak2093	308	204	302	177	91	111	139	170
peak2094	19398	13523	22978	14097	8201	7901	7835	8546
peak2095	17395	13500	13359	7254	8736	9022	6799	7876
peak2096	10580	9592	9978	14647	4344	4962	8926	10779
peak2097	23	21	93	95	32	38	138	197
peak2098	3182	2206	2833	2190	1267	1294	1381	1596
peak2099	220	191	356	389	81	69	274	372
peak2100	1080	723	1071	553	335	367	322	433
peak2101	4030	2489	3685	1719	1170	1110	1186	1171
peak2102	280	191	447	172	121	113	109	127
peak2103	2100	1508	1410	967	989	1002	891	1044
peak2104	2572	1857	2538	2261	1179	1172	1685	1881
peak2105	9514	6233	10279	6525	3702	3777	4547	5256
peak2106	451	298	727	318	181	150	215	323
peak2107	215	155	233	125	58	67	66	97
peak2108	315	280	341	210	95	97	113	137
peak2109	207	152	338	142	63	94	91	113
peak2110	510	361	829	328	140	135	151	184
peak2111	392	274	633	445	109	116	215	237
peak2112	1131	772	1400	754	345	343	334	427
peak2113	7815	5682	11108	4852	3559	3590	3852	4545
peak2114	416	289	461	265	169	150	198	251
peak2115	154	127	401	210	72	80	160	205
peak2116	706	384	892	363	224	213	223	305
peak2117	2065	1339	2954	1264	471	574	523	706
peak2118	1188	909	2538	852	274	338	354	477
peak2119	746	613	931	385	148	257	172	277
peak2120	1605	1387	2971	1276	422	503	733	930
peak2121	633	672	1345	509	129	209	303	379
peak2122	1189	1112	3029	1684	258	454	779	1019
peak2123	361	280	485	261	151	144	186	259
peak2124	538	377	670	280	213	237	227	261
peak2125	541	360	544	328	216	183	252	270
peak2126	161	184	284	314	94	123	253	330
peak2127	1013	678	1432	884	402	400	614	712
peak2128	190	128	337	146	57	70	92	133
peak2129	974	665	1683	603	386	372	489	593
peak2130	883	572	1289	606	174	183	206	224
peak2131	130	104	232	88	65	82	64	94
peak2132	352	272	489	240	148	156	168	178
peak2133	52593	35665	28420	23133	17642	18205	16702	19774
peak2134	49752	33538	48257	24817	19870	18147	22909	25263
peak2135	45715	30749	77121	46539	17850	18566	24535	34096
peak2136	60	70	124	67	39	41	37	65
peak2137	245	160	347	255	130	138	191	283
peak2138	223	120	343	150	68	62	55	67
peak2139	1301	844	1308	834	365	475	527	653
peak2140	1575	1056	1824	1513	552	580	803	1018
peak2141	118	113	167	123	44	50	69	107
peak2142	99	82	178	94	21	54	62	101
peak2143	503	361	452	586	219	209	356	442
peak2144	1708	1250	2222	1083	999	1031	1161	1294
peak2145	220	165	400	172	61	65	89	85
peak2146	478	291	643	391	239	246	269	343
peak2147	556	402	562	403	193	218	222	225
peak2148	117	79	233	125	62	73	77	75
peak2149	2368	1488	2442	1248	715	667	787	852
peak2150	3470	2521	4239	3413	975	1009	1382	1633
peak2151	96	89	154	119	51	52	73	131
peak2152	318	189	507	302	178	164	256	391
peak2153	164	120	196	206	49	70	81	104
peak2154	458	290	496	279	154	204	216	276
peak2155	285	224	406	157	104	105	116	136
peak2156	813	550	587	352	364	400	219	266
peak2157	526	335	468	284	327	320	344	392
peak2158	56	34	98	21	29	29	3	14
peak2159	37	33	78	12	24	14	3	12
peak2160	33	24	92	26	27	14	8	15
peak2161	913	531	1007	472	344	390	360	442
peak2162	7484	4618	5766	4835	4924	4813	5605	6726
peak2163	5810	4198	7608	3277	4745	5192	5497	6178
peak2164	7468	5339	5989	3584	5385	5849	5701	7039
peak2165	16655	11064	20778	8673	11172	12242	12677	15634
peak2166	16809	10483	20134	8928	10076	11013	11510	14086
peak2167	5483	3521	4185	1478	3494	3882	2836	3359
peak2168	738	579	735	446	248	320	373	472
peak2169	2047	1329	2280	1137	660	698	747	939
peak2170	428	282	405	161	167	205	138	201
peak2171	422	337	517	251	188	209	207	226
peak2172	42	23	107	17	15	26	22	21
peak2173	202	172	249	288	112	104	135	155
peak2174	1025	949	1008	1442	233	314	757	944
peak2175	2333	1727	2506	1502	839	781	782	890
peak2176	312	235	307	155	179	181	164	207
peak2177	527	332	718	380	354	360	301	414
peak2178	612	490	445	386	191	183	210	252
peak2179	390	298	501	256	104	149	131	201
peak2180	1172	724	1534	756	316	318	339	455
peak2181	1073	768	1287	666	463	502	538	633
peak2182	2513	1551	3914	1533	1451	1385	1319	1539
peak2183	1244	933	1495	784	663	672	773	928
peak2184	168	128	239	170	82	83	130	156
peak2185	324	266	509	345	144	136	218	301
peak2186	36606	24008	21439	14700	13439	12767	10621	12325
peak2187	1132	795	1333	515	399	373	386	450
peak2188	701	585	1037	612	213	234	299	361
peak2189	1504	902	1443	657	595	547	614	662
peak2190	846	674	1704	1047	340	350	483	533
peak2191	6513	4234	9811	3289	2291	2183	2052	2411
peak2192	802	549	1387	727	233	260	337	393
peak2193	701	457	633	432	231	212	340	377
peak2194	1401	934	1692	868	630	709	657	782
peak2195	975	911	1126	1088	368	351	559	736
peak2196	109	85	179	115	55	48	92	111
peak2197	171	106	173	73	109	105	104	123
peak2198	288	195	354	209	156	156	115	170
peak2199	91	65	161	53	65	63	44	61
peak2200	1245	826	1266	674	325	364	391	550
peak2201	890	552	1038	537	288	259	265	340
peak2202	2708	1638	3476	3264	427	391	790	895
peak2203	241	174	338	220	106	96	96	120
peak2204	1081	757	954	356	377	395	275	300
peak2205	1682	1189	2692	1084	667	601	641	753
peak2206	431	336	241	120	112	145	103	138
peak2207	1722	1159	2077	1153	467	534	590	724
peak2208	1412	934	2813	1297	398	414	637	715
peak2209	801	652	1366	580	357	334	343	392
peak2210	1039	670	1407	1061	289	316	491	559
peak2211	1239	859	1396	692	384	392	392	486
peak2212	616	442	822	570	231	200	342	375
peak2213	1023	674	1646	504	359	393	419	496
peak2214	569	345	754	410	217	201	296	320
peak2215	28656	15451	36427	24114	9065	8699	15927	17940
peak2216	376	220	557	300	124	122	142	178
peak2217	152	115	206	156	78	81	83	93
peak2218	8202	6205	8274	4317	2337	2520	2422	2929
peak2219	607	379	1267	519	353	332	539	758
peak2220	4365	3308	5881	3415	1421	1524	1386	1662
peak2221	2161	1381	2212	883	555	620	499	642
peak2222	18003	11857	30809	11329	4978	5109	5255	6526
peak2223	12877	9464	8218	4658	2907	3376	2729	3159
peak2224	3963	2816	2821	1655	1183	1257	1207	1478
peak2225	1333	865	1870	930	533	603	634	786
peak2226	546	339	785	501	225	252	274	297
peak2227	202	114	207	181	114	110	146	145
peak2228	60	57	82	106	17	9	90	98
peak2229	96	65	254	102	45	39	57	83
peak2230	78	58	193	106	54	51	102	130
peak2231	283	221	349	125	92	107	98	133
peak2232	511	365	681	522	181	160	293	359
peak2233	76	71	283	163	44	41	122	131
peak2234	270	204	437	200	115	104	123	153
peak2235	1336	1012	1352	1024	568	602	825	1046
peak2236	448	292	488	278	233	249	229	253
peak2237	826	602	798	670	482	451	605	746
peak2238	333	273	703	495	107	64	160	233
peak2239	70	48	132	58	32	36	47	83
peak2240	905	600	1308	630	273	276	393	449
peak2241	6728	4114	13105	5245	3532	3356	3996	4499
peak2242	6176	3768	9787	5597	3119	3060	5099	5987
peak2243	130	96	282	96	73	51	71	87
peak2244	148	98	160	118	77	53	73	78
peak2245	522	334	857	367	315	322	346	453
peak2246	111450	19444	76066	28133	24117	20643	24327	26292
peak2247	307401	116419	65504	58507	174429	159160	53374	62355
peak2248	76416	30120	13970	9894	33408	32138	14203	15908
peak2249	47991	29768	54909	38379	26984	25298	22982	27885
peak2250	390792	269367	457080	257824	240872	212143	181874	211147
peak2251	190983	118584	126998	115345	127887	112163	97295	113165
peak2252	55532	36645	22632	26494	32674	29878	20073	21782
peak2253	68071	38928	34431	32700	50835	42356	24380	27519
peak2254	118442	76270	64399	58716	86920	78042	42436	50889
peak2255	72933	42670	58961	57274	53407	44873	43373	52055
peak2256	81987	54987	68720	62580	63062	55034	45060	53253
peak2257	36768	22633	26029	24731	23847	21856	13160	17312
peak2258	107547	67904	95829	74828	68730	64158	55632	66461
peak2259	160787	102133	92060	81210	108710	96823	52019	66364
peak2260	68946	42111	41583	35900	48864	41060	17423	25454
peak2261	29446	18771	26632	23943	17113	15914	15817	19370
peak2262	47328	31405	32181	23407	27627	26129	14441	17997
peak2263	451	353	984	362	227	204	160	171
peak2264	377	319	756	302	150	171	112	176
peak2265	249	215	234	176	67	68	110	139
peak2266	93	78	50	92	101	95	114	159
peak2267	29851	20461	61345	27908	10899	9941	15944	18754
peak2268	31008	21560	25999	16388	9721	10074	10833	12395
peak2269	3042	2396	2533	2334	1041	936	1432	1679
peak2270	653	531	672	302	250	285	208	256
peak2271	732	563	1588	558	308	399	460	578
peak2272	1059	966	1457	858	426	514	714	869
peak2273	279	185	231	157	98	101	111	132
peak2274	3173	2421	1990	1672	1531	1468	1528	1862
peak2275	209	145	372	175	80	88	92	109
peak2276	730	555	838	426	332	287	270	323
peak2277	396	242	421	191	457	493	452	501
peak2278	186	118	168	163	91	62	96	108
peak2279	1732	1060	1366	738	649	579	557	635
peak2280	2146	1449	2667	2150	679	742	957	1278
peak2281	1564	1080	2450	1464	669	639	717	993
peak2282	1767	1127	2293	1323	669	712	735	993
peak2283	85	80	431	229	33	55	143	211
peak2284	256	198	357	204	99	105	151	205
peak2285	466	335	536	587	82	97	150	243
peak2286	2126	1442	1538	1172	758	770	864	920
peak2287	860	499	663	269	283	232	207	245
peak2288	104	76	213	162	50	46	83	133
peak2289	955	647	884	556	389	394	510	578
peak2290	674	596	634	415	196	226	259	285
peak2291	3484	2410	2457	1617	2120	2011	1449	1660
peak2292	962	681	1534	688	457	436	425	552
peak2293	857	581	890	355	333	312	332	357
peak2294	363	274	606	448	139	134	189	225
peak2295	499	300	1013	617	174	170	379	396
peak2296	1429	1003	1473	868	431	422	581	591
peak2297	800	552	1488	680	366	302	427	537
peak2298	1583	882	2380	1304	620	565	843	1043
peak2299	1631	1081	2222	1816	484	470	654	819
peak2300	258	257	730	346	155	178	229	327
peak2301	312	213	637	337	162	133	184	222
peak2302	233	181	503	205	85	76	104	132
peak2303	500	330	561	346	301	301	405	434
peak2304	653	536	905	507	270	253	365	427
peak2305	986	692	1049	617	403	423	462	593
peak2306	1621	1113	2200	1150	771	766	927	1119
peak2307	795	511	502	289	371	368	363	429
peak2308	1857	1252	3019	1452	1073	1129	976	1228
peak2309	1736	1114	2397	1535	890	933	1132	1631
peak2310	1695	1104	2482	1537	920	854	1116	1297
peak2311	748	606	1010	724	252	275	376	441
peak2312	620	442	982	738	247	190	397	395
peak2313	2560	1676	1855	1288	925	952	922	1001
peak2314	2816	1794	3209	1259	994	1123	883	1218
peak2315	7279	4881	10939	6210	2849	2893	3395	3916
peak2316	953	615	942	423	621	639	638	734
peak2317	459	343	557	233	340	320	313	373
peak2318	368	264	510	283	152	145	156	192
peak2319	1493	1394	3336	1730	883	784	851	1001
peak2320	5553	3602	5107	4053	2010	1840	1885	2230
peak2321	18985	12924	6878	6474	7683	8043	6350	6864
peak2322	130	99	248	137	37	55	101	109
peak2323	366	231	392	192	136	128	153	183
peak2324	919	668	884	587	278	226	315	359
peak2325	225	111	277	124	148	138	138	121
peak2326	1287	830	1710	907	586	514	609	790
peak2327	319	182	532	298	153	165	249	295
peak2328	649	438	900	407	175	168	194	255
peak2329	76	52	136	85	33	31	56	66
peak2330	155	115	235	141	78	94	84	148
peak2331	486	333	359	189	118	142	110	143
peak2332	881	550	647	510	329	318	330	414
peak2333	321	196	272	165	111	107	102	127
peak2334	878	623	955	469	177	200	231	252
peak2335	974	657	1816	675	488	508	530	726
peak2336	994	656	1776	707	491	499	487	628
peak2337	760	556	886	414	399	417	350	436
peak2338	856	523	1551	598	386	333	424	495
peak2339	830	570	904	521	356	388	351	456
peak2340	355	299	519	380	211	229	274	449
peak2341	790	537	1097	553	219	233	268	311
peak2342	353	240	246	144	99	118	89	109
peak2343	6513	5245	5622	4824	1760	1939	2359	3130
peak2344	9376	6544	7699	4511	2534	2735	2577	3198
peak2345	7297	5330	5987	3018	2184	2278	1802	2304
peak2346	12383	7521	14707	6731	3358	3428	3409	4104
peak2347	6087	4427	7967	3276	1622	1717	1939	2359
peak2348	5135	3804	3652	2613	1193	1381	1399	1802
peak2349	5269	3864	4423	2677	1316	1577	1387	1697
peak2350	14484	9656	4758	2913	4388	4964	3185	3459
peak2351	496	348	894	295	217	189	226	270
peak2352	1349	877	1101	490	459	421	373	414
peak2353	6768	4178	4321	2754	2329	2182	2247	2282
peak2354	736	483	685	418	442	524	465	629
